# Accelerometer Values
# filename:  default.txt
# Saving start time: Mon Sep 28 22:21:42 GMT+03:00 2015

# sensor resolution: 0.0011901855m/s^2
#Sensorvendor: InvenSense, name: LGE Accelerometer Sensor, type: 1,version : 1, range 39.226593

# X value, Y value, Z value, time diff in ms
0.762 2.114 9.787 21
0.683 2.063 9.852 20
0.735 2.1 9.863 20
0.832 2.136 9.847 20
0.858 2.171 9.873 20
0.741 2.189 9.942 20
0.671 2.185 9.863 20
0.657 2.135 9.769 20
0.61 2.115 9.766 21
0.618 2.167 9.708 20
0.6 2.186 9.814 20
0.569 2.272 9.735 20
0.445 2.159 9.848 20
0.439 1.958 9.806 20
0.574 1.875 9.608 20
0.502 1.872 9.612 21
0.355 1.932 10.085 20
0.391 2.029 9.887 20
0.585 2.037 9.869 20
0.929 2.097 9.962 20
1.048 1.914 10.446 20
1.181 1.688 10.277 20
1.171 1.822 10.136 21
1.09 1.796 10.167 20
0.983 1.821 9.907 20
0.635 1.76 9.685 20
0.431 1.654 9.703 20
0.29 1.59 9.941 20
0.432 1.522 9.816 20
0.503 1.524 9.562 21
0.438 1.514 9.77 20
0.225 1.43 10.209 20
0.333 1.476 9.937 20
0.014 1.345 9.809 20
0.044 1.405 10.081 20
0.188 1.544 10.382 20
0.201 1.35 10.246 21
-0.018 1.313 9.801 20
-0.073 1.539 9.788 20
0.051 1.876 9.772 20
0.101 1.294 9.484 20
0.366 1.249 10.021 20
0.214 1.281 9.965 20
-0.13 1.34 9.806 21
-0.315 1.582 9.531 20
-0.282 1.65 9.895 20
0.134 1.588 10.038 20
0.666 1.052 10.051 20
1.116 0.806 9.913 20
1.446 0.945 9.923 20
1.579 1.139 10.033 21
1.476 1.303 9.995 20
1.338 1.444 10.065 20
1.156 1.652 10.239 20
0.912 1.772 10.26 20
0.7 1.898 10.151 20
0.521 1.86 9.996 20
0.475 1.803 9.696 21
0.577 1.62 9.707 20
0.646 1.426 10.058 20
0.794 1.343 9.487 20
0.921 1.289 9.712 20
0.889 1.24 10.004 20
0.764 1.312 9.977 20
0.718 1.365 10.097 21
0.683 1.39 10.186 20
0.656 1.443 10.109 20
0.685 1.497 10.04 20
0.751 1.519 10.061 20
0.838 1.516 9.917 20
0.932 1.558 9.897 20
0.925 1.513 9.884 21
0.937 1.541 9.937 20
0.99 1.518 9.977 20
0.902 1.499 9.864 20
0.926 1.487 9.716 20
0.882 1.526 9.872 20
0.818 1.546 10.123 21
0.785 1.545 9.989 20
0.8 1.534 10.015 20
0.773 1.485 10.05 20
0.727 1.515 10.02 20
0.763 1.518 9.971 20
0.808 1.487 9.946 20
0.829 1.52 9.907 20
0.846 1.526 9.904 21
0.846 1.528 9.942 20
0.883 1.558 9.919 20
0.876 1.552 9.925 20
0.9 1.546 9.919 20
0.89 1.558 9.937 20
0.87 1.539 9.967 20
0.868 1.554 9.942 21
0.871 1.52 9.99 20
0.883 1.51 10.002 20
0.888 1.533 9.952 20
0.857 1.508 9.951 20
0.838 1.507 9.964 20
0.847 1.522 9.981 20
0.827 1.527 9.939 21
0.847 1.553 9.975 20
0.876 1.549 9.82 20
0.907 1.607 9.775 20
0.865 1.508 10.221 20
0.864 1.601 9.904 20
0.933 1.558 9.752 20
0.89 1.518 9.89 21
0.863 1.594 9.983 20
0.9 1.549 9.977 20
0.856 1.493 10.113 20
0.837 1.487 9.904 20
0.876 1.527 9.926 20
0.882 1.528 9.953 20
0.875 1.545 9.966 21
0.885 1.546 9.908 20
0.868 1.571 9.982 20
0.866 1.559 9.952 20
0.859 1.545 9.99 20
0.893 1.519 9.931 20
0.831 1.566 9.853 21
0.885 1.543 9.831 20
0.864 1.537 10.052 20
0.839 1.593 9.952 20
0.877 1.534 9.981 20
0.912 1.513 9.997 20
0.871 1.563 9.947 20
0.883 1.558 9.894 21
0.903 1.538 9.913 20
0.881 1.532 9.91 20
0.917 1.527 9.948 20
0.891 1.556 9.932 20
0.888 1.526 9.95 20
0.903 1.531 9.916 20
0.922 1.524 9.937 21
0.881 1.556 9.948 20
0.906 1.551 9.97 20
0.877 1.562 9.95 20
0.877 1.525 9.956 20
0.908 1.491 9.934 20
0.907 1.506 9.979 20
0.923 1.506 9.944 21
0.917 1.529 9.963 20
0.894 1.518 9.956 20
0.917 1.499 9.9 20
0.951 1.524 9.947 20
0.891 1.501 9.972 20
0.921 1.51 9.979 20
0.896 1.512 9.985 21
0.904 1.503 9.837 20
0.913 1.56 9.769 20
0.85 1.503 10.289 20
0.891 1.575 9.858 20
0.96 1.494 9.783 20
0.908 1.489 9.864 20
0.851 1.497 10.007 21
0.896 1.482 10.014 20
0.903 1.439 10.064 20
0.877 1.479 9.959 20
0.883 1.469 9.85 20
0.925 1.503 9.946 20
0.917 1.533 9.942 20
0.877 1.547 9.919 21
0.885 1.554 9.944 20
0.891 1.526 9.964 20
0.902 1.525 10.004 20
0.902 1.47 9.984 20
0.91 1.447 9.969 20
0.896 1.457 9.875 20
0.883 1.485 9.973 21
0.862 1.497 10.035 20
0.903 1.507 9.967 20
0.891 1.494 10.0 20
0.895 1.469 9.989 20
0.891 1.495 9.903 20
0.887 1.504 9.912 20
0.898 1.459 9.947 21
0.904 1.509 9.891 20
0.898 1.51 9.913 20
0.894 1.493 9.967 20
0.906 1.485 9.94 20
0.938 1.474 9.937 20
0.897 1.503 9.95 20
0.878 1.466 9.963 21
0.889 1.481 9.94 20
0.888 1.502 9.992 20
0.865 1.506 9.947 20
0.908 1.501 9.954 20
0.904 1.497 9.932 20
0.903 1.506 9.944 20
0.89 1.465 9.954 21
0.879 1.502 9.954 20
0.935 1.501 9.919 20
0.923 1.471 9.912 20
0.916 1.509 9.956 20
0.904 1.528 9.912 20
0.921 1.493 9.927 20
0.954 1.479 9.97 20
0.889 1.49 9.823 21
0.957 1.524 10.0 20
0.838 1.52 10.075 20
0.935 1.565 9.858 20
0.944 1.524 9.819 20
0.86 1.488 9.888 20
0.873 1.512 9.965 21
0.915 1.49 10.04 20
0.887 1.428 10.04 20
0.919 1.428 9.872 20
0.915 1.462 9.903 20
0.95 1.501 10.023 20
0.934 1.497 9.956 20
0.929 1.524 9.896 20
0.915 1.5 9.984 21
0.891 1.501 9.937 20
0.915 1.489 9.965 20
0.879 1.47 9.987 20
0.925 1.433 9.953 20
0.931 1.47 9.907 20
0.844 1.49 10.072 20
0.891 1.51 9.992 21
0.907 1.494 9.982 20
0.916 1.475 9.971 20
0.921 1.489 9.963 20
0.9 1.458 9.891 20
0.925 1.479 9.929 20
0.925 1.516 9.929 20
0.909 1.46 9.953 21
0.921 1.484 9.926 20
0.935 1.463 9.965 20
0.944 1.493 9.953 20
0.947 1.465 9.954 20
0.915 1.477 9.977 20
0.912 1.475 9.972 21
0.938 1.464 9.965 20
0.927 1.487 9.958 20
0.916 1.464 9.925 20
0.925 1.463 9.952 20
0.932 1.479 9.945 20
0.914 1.457 9.957 20
0.928 1.464 10.0 21
0.941 1.482 9.958 20
0.964 1.478 9.929 20
0.964 1.474 9.95 20
0.948 1.477 9.963 20
0.942 1.463 9.942 20
0.933 1.483 9.975 20
0.973 1.491 9.915 21
0.945 1.509 9.798 20
0.91 1.456 10.329 20
0.967 1.509 9.858 20
0.978 1.485 9.843 20
0.935 1.443 9.859 20
0.891 1.49 9.966 20
0.923 1.488 10.048 21
0.952 1.425 10.081 20
0.933 1.391 9.938 20
0.928 1.5 9.9 20
0.95 1.47 9.952 20
0.962 1.493 9.975 20
0.938 1.529 9.923 21
0.939 1.499 9.966 20
0.933 1.472 9.991 20
0.922 1.479 9.963 20
0.926 1.447 9.983 20
0.931 1.406 10.017 20
0.928 1.502 9.815 20
0.926 1.44 9.991 20
0.897 1.489 10.0 21
0.94 1.479 9.989 20
0.954 1.446 10.013 20
0.967 1.45 9.983 20
0.907 1.426 9.97 20
0.928 1.447 9.922 20
0.937 1.432 9.932 20
0.944 1.446 9.966 21
0.919 1.433 9.945 20
0.902 1.452 9.983 20
0.903 1.419 9.978 20
0.908 1.419 9.928 20
0.915 1.441 9.935 20
0.902 1.446 9.995 21
0.891 1.415 9.971 20
0.907 1.426 10.02 20
0.903 1.407 9.988 20
0.898 1.419 9.981 20
0.896 1.416 9.928 20
0.889 1.389 9.977 20
0.879 1.388 9.976 20
0.879 1.391 10.009 21
0.863 1.39 9.991 20
0.838 1.412 9.966 20
0.86 1.37 9.946 20
0.85 1.355 9.942 20
0.893 1.306 9.992 20
0.857 1.288 9.991 20
0.826 1.299 9.997 21
0.865 1.276 9.979 20
0.857 1.258 9.845 20
0.857 1.328 10.022 20
0.778 1.324 10.083 20
0.806 1.287 9.922 20
0.848 1.27 9.895 20
0.828 1.251 10.033 21
0.762 1.202 10.016 20
0.776 1.184 10.004 20
0.801 1.155 10.073 20
0.79 1.203 9.978 20
0.782 1.195 10.01 20
0.775 1.213 10.064 20
0.791 1.194 10.066 21
0.773 1.183 9.994 20
0.784 1.201 9.981 20
0.779 1.207 9.969 20
0.759 1.214 9.989 20
0.728 1.175 9.884 20
0.741 1.191 9.889 20
0.738 1.137 10.066 21
0.752 1.189 9.951 20
0.77 1.146 10.109 20
0.791 1.149 10.027 20
0.735 1.145 10.072 20
0.787 1.146 10.041 20
0.768 1.151 9.896 20
0.772 1.162 9.954 21
0.775 1.155 9.954 20
0.779 1.155 9.983 20
0.778 1.128 9.991 20
0.816 1.146 10.019 20
0.783 1.164 10.016 20
0.783 1.172 10.007 20
0.783 1.176 10.016 21
0.791 1.157 9.996 20
0.769 1.164 10.013 20
0.778 1.113 10.028 20
0.818 1.151 9.965 20
0.801 1.14 9.976 20
0.819 1.157 10.002 20
0.793 1.153 10.016 21
0.812 1.162 10.034 20
0.812 1.17 10.028 20
0.813 1.187 9.951 20
0.826 1.2 9.944 20
0.844 1.155 9.985 20
0.856 1.157 10.061 20
0.822 1.161 9.969 21
0.796 1.151 9.99 20
0.85 1.178 9.941 20
0.841 1.214 9.828 20
0.853 1.165 10.227 20
0.782 1.199 9.964 20
0.863 1.237 9.915 20
0.869 1.197 9.844 21
0.812 1.227 9.979 20
0.803 1.199 10.033 20
0.856 1.157 10.071 20
0.864 1.159 10.042 20
0.82 1.161 9.989 20
0.825 1.188 9.973 20
0.877 1.213 10.022 21
0.863 1.213 9.959 20
0.865 1.255 9.992 20
0.858 1.237 9.981 20
0.877 1.219 9.975 20
0.85 1.18 9.962 20
0.877 1.182 9.981 21
0.846 1.243 9.818 20
0.862 1.221 9.923 20
0.872 1.221 10.032 20
0.828 1.243 10.002 20
0.9 1.247 9.983 20
0.914 1.222 10.06 20
0.865 1.245 9.991 21
0.871 1.208 9.932 20
0.92 1.243 9.977 20
0.919 1.225 9.945 20
0.894 1.196 9.954 20
0.92 1.216 9.995 20
0.941 1.246 9.937 20
0.932 1.232 9.947 21
0.912 1.265 10.019 20
0.965 1.25 9.945 20
0.921 1.241 9.977 20
0.878 1.249 9.964 20
0.902 1.261 9.957 20
0.884 1.224 9.978 20
0.962 1.224 10.019 21
0.927 1.233 9.981 20
0.915 1.244 9.973 20
0.927 1.239 9.97 20
0.915 1.246 9.989 20
0.937 1.291 9.989 20
0.915 1.262 9.964 20
0.926 1.259 9.969 21
0.9 1.225 9.973 20
0.947 1.234 10.02 20
0.921 1.196 9.965 20
0.946 1.221 9.969 20
0.912 1.22 9.991 20
0.914 1.233 10.001 20
0.898 1.239 10.029 21
0.922 1.251 9.952 20
0.907 1.227 10.013 20
0.9 1.232 9.882 20
0.926 1.265 9.973 20
0.854 1.221 10.165 20
0.895 1.268 9.958 20
0.948 1.221 9.831 21
0.883 1.24 9.853 20
0.832 1.197 10.044 20
0.897 1.17 10.05 20
0.923 1.144 10.065 20
0.875 1.183 9.989 20
0.879 1.228 9.897 20
0.9 1.249 10.0 21
0.848 1.265 9.964 20
0.856 1.262 9.994 20
0.853 1.265 9.991 20
0.853 1.201 9.998 20
0.859 1.203 10.006 20
0.883 1.175 10.006 20
0.877 1.169 9.963 21
0.852 1.207 9.847 20
0.875 1.194 9.947 20
0.854 1.246 10.076 20
0.858 1.259 10.004 20
0.872 1.224 10.023 20
0.854 1.206 9.988 20
0.868 1.183 9.964 21
0.868 1.246 9.907 20
0.875 1.209 9.954 20
0.902 1.208 9.954 20
0.89 1.188 9.941 20
0.895 1.218 10.003 20
0.87 1.209 9.988 20
0.878 1.214 9.964 20
0.889 1.213 9.962 21
0.86 1.199 9.982 20
0.882 1.18 9.994 20
0.857 1.19 10.003 20
0.876 1.214 9.99 20
0.896 1.228 9.992 20
0.866 1.228 9.942 20
0.903 1.237 9.973 21
0.888 1.218 9.972 20
0.896 1.253 9.967 20
0.887 1.25 9.962 20
0.901 1.218 9.966 20
0.872 1.214 9.969 20
0.885 1.202 10.014 20
0.897 1.211 9.942 21
0.935 1.211 9.977 20
0.869 1.219 9.979 20
0.896 1.241 9.976 20
0.926 1.241 9.95 20
0.929 1.231 9.966 20
0.893 1.212 9.962 20
0.893 1.228 9.969 21
0.922 1.2 9.97 20
0.891 1.216 10.008 20
0.879 1.212 9.879 20
0.952 1.236 9.987 20
0.883 1.196 10.086 20
0.893 1.256 9.945 20
0.979 1.205 9.879 21
0.856 1.214 9.994 20
0.897 1.176 10.015 20
0.929 1.194 10.056 20
0.891 1.186 9.964 20
0.891 1.174 9.941 20
0.931 1.226 10.027 20
0.913 1.245 9.94 21
0.895 1.256 9.946 20
0.876 1.265 9.95 20
0.875 1.244 9.946 20
0.881 1.212 9.958 20
0.902 1.193 9.985 20
0.896 1.188 9.989 21
0.907 1.157 9.995 20
0.884 1.194 9.831 20
0.903 1.247 9.917 20
0.885 1.234 10.025 20
0.881 1.249 10.023 20
0.894 1.243 9.964 20
0.891 1.218 9.962 21
0.895 1.226 9.956 20
0.895 1.199 9.92 20
0.888 1.203 9.908 20
0.91 1.232 9.975 20
0.894 1.261 9.928 20
0.914 1.216 9.995 20
0.912 1.23 9.944 21
0.881 1.245 9.944 20
0.903 1.225 9.976 20
0.915 1.222 9.966 20
0.909 1.243 9.97 20
0.923 1.25 9.987 20
0.897 1.241 9.944 20
0.951 1.231 9.957 21
0.922 1.238 9.959 20
0.928 1.233 9.948 20
0.929 1.23 9.995 20
0.914 1.232 9.978 20
0.94 1.203 9.989 20
0.938 1.236 9.938 20
0.925 1.24 9.973 21
0.931 1.228 9.987 20
0.954 1.238 9.966 20
0.909 1.219 9.97 20
0.92 1.237 9.994 20
0.937 1.228 10.029 20
0.932 1.25 10.009 20
0.869 1.232 10.025 21
0.928 1.231 9.937 20
0.951 1.222 9.945 20
0.928 1.211 9.952 20
0.927 1.227 9.92 20
0.942 1.199 9.958 20
0.921 1.23 9.926 20
0.91 1.234 9.925 21
0.919 1.231 10.14 20
0.915 1.243 9.927 20
0.946 1.232 9.975 20
0.904 1.22 9.781 20
0.85 1.211 9.966 20
0.89 1.213 10.053 20
0.928 1.147 10.097 21
0.888 1.182 10.053 20
0.868 1.176 9.897 20
0.89 1.215 9.962 20
0.91 1.25 9.997 20
0.895 1.246 9.97 20
0.853 1.263 9.971 20
0.859 1.245 9.951 21
0.859 1.219 10.0 20
0.888 1.176 9.981 20
0.884 1.18 10.017 20
0.865 1.127 10.007 20
0.865 1.193 9.897 20
0.875 1.246 9.813 20
0.846 1.226 10.008 21
0.818 1.239 10.033 20
0.84 1.203 10.019 20
0.822 1.184 9.979 20
0.837 1.203 9.983 20
0.848 1.203 10.007 20
0.843 1.2 9.976 20
0.833 1.208 9.909 21
0.841 1.145 9.965 20
0.838 1.178 9.938 20
0.832 1.182 9.963 20
0.809 1.2 9.996 20
0.812 1.176 9.953 20
0.795 1.201 10.021 20
0.806 1.177 9.982 21
0.781 1.158 9.979 20
0.793 1.134 9.979 20
0.762 1.174 9.963 20
0.764 1.163 9.988 20
0.775 1.201 9.973 20
0.783 1.18 9.947 20
0.779 1.163 10.021 21
0.795 1.155 9.945 20
0.763 1.161 9.985 20
0.773 1.19 9.984 20
0.744 1.12 9.959 20
0.747 1.136 9.973 20
0.758 1.125 10.017 20
0.751 1.13 10.002 21
0.741 1.076 9.944 20
0.75 1.116 9.962 20
0.759 1.116 10.022 20
0.71 1.095 10.01 20
0.708 1.101 9.935 20
0.727 1.113 10.021 20
0.715 1.118 9.894 21
0.741 1.145 9.945 20
0.685 1.089 10.107 20
0.706 1.113 9.959 20
0.712 1.08 9.979 20
0.714 1.119 9.878 20
0.676 1.096 9.953 20
0.675 1.055 10.027 21
0.677 1.057 10.045 20
0.694 1.084 9.958 20
0.666 1.081 9.965 20
0.659 1.093 10.016 20
0.682 1.126 9.998 20
0.663 1.095 10.039 20
0.657 1.1 9.966 20
0.678 1.111 9.983 21
0.675 1.096 9.9 20
0.672 1.045 9.983 20
0.681 1.002 10.092 20
0.672 1.039 9.86 20
0.687 1.087 9.9 21
0.678 1.058 10.016 20
0.681 1.096 9.932 20
0.644 1.088 10.109 20
0.688 1.103 9.948 20
0.671 1.046 10.048 20
0.691 1.061 9.987 20
0.67 1.059 9.929 21
0.682 1.005 9.939 20
0.659 1.072 9.939 20
0.695 1.052 9.967 20
0.663 1.058 9.994 20
0.697 1.08 10.006 20
0.69 1.081 9.988 20
0.677 1.051 10.023 21
0.66 1.033 10.012 20
0.671 1.018 10.048 20
0.664 1.058 9.954 20
0.664 1.095 9.981 20
0.666 1.052 10.002 20
0.633 1.071 10.0 20
0.65 1.09 9.977 20
0.669 1.059 9.994 21
0.682 1.045 10.002 20
0.684 1.061 9.979 20
0.66 1.031 10.003 20
0.668 1.052 9.97 20
0.681 1.049 9.976 20
0.703 1.047 10.037 20
0.69 1.026 10.047 21
0.671 1.017 9.983 20
0.682 1.031 9.957 20
0.688 1.075 9.959 20
0.658 1.064 9.879 20
0.659 1.043 10.239 20
0.654 1.068 9.958 21
0.7 1.043 9.989 20
0.746 1.064 9.888 20
0.689 1.069 9.87 20
0.67 1.046 10.023 20
0.695 0.983 10.103 20
0.696 0.988 10.023 20
0.659 1.071 10.01 21
0.688 1.058 10.017 20
0.712 1.052 10.054 20
0.691 1.075 10.002 20
0.7 1.089 9.99 20
0.693 1.047 9.967 20
0.681 1.05 9.942 20
0.691 1.055 9.996 21
0.715 1.017 10.041 20
0.757 1.007 9.971 20
0.701 1.072 9.979 20
0.688 1.094 9.872 20
0.665 1.125 9.981 20
0.671 1.075 10.089 20
0.701 1.077 9.973 21
0.72 1.051 10.039 20
0.699 1.061 10.023 20
0.702 1.068 9.989 20
0.702 1.062 9.928 20
0.741 1.057 9.988 20
0.706 1.045 9.982 20
0.719 1.063 9.954 21
0.713 1.05 9.984 20
0.739 1.08 9.971 20
0.723 1.096 9.965 20
0.726 1.083 9.987 20
0.75 1.062 10.003 20
0.745 1.057 10.008 20
0.703 1.084 10.027 21
0.714 1.084 9.984 20
0.725 1.062 10.012 20
0.743 1.069 9.976 20
0.719 1.07 9.953 20
0.727 1.063 9.995 20
0.732 1.063 10.025 20
0.741 1.089 9.998 21
0.76 1.075 10.001 20
0.737 1.065 9.931 20
0.735 1.055 10.007 20
0.75 1.055 9.998 20
0.758 1.075 9.991 20
0.737 1.065 9.992 20
0.759 1.042 9.978 21
0.753 1.067 9.982 20
0.744 1.105 9.964 20
0.743 1.08 10.033 20
0.752 1.078 9.896 20
0.763 1.114 9.923 20
0.674 1.07 10.141 20
0.715 1.046 10.021 20
0.77 1.058 9.929 21
0.768 1.068 9.846 20
0.697 1.089 9.981 20
0.741 1.084 10.084 20
0.738 1.014 10.085 20
0.734 0.992 10.029 20
0.753 1.047 9.941 21
0.747 1.024 9.964 20
0.768 1.047 9.962 20
0.747 1.088 9.958 20
0.752 1.095 9.981 20
0.745 1.078 10.007 20
0.772 1.061 9.992 20
0.759 1.083 9.983 20
0.763 1.043 10.004 21
0.769 1.006 10.002 20
0.782 1.036 9.983 20
0.785 1.081 9.777 20
0.699 1.057 10.051 20
0.747 1.087 10.014 20
0.759 1.071 9.996 20
0.778 1.038 10.029 21
0.772 1.043 10.019 20
0.789 1.064 9.958 20
0.815 1.088 9.994 20
0.803 1.075 9.957 20
0.807 1.053 9.983 20
0.822 1.046 9.963 20
0.795 1.047 9.985 21
0.758 1.03 10.002 20
0.796 1.052 9.978 20
0.808 1.074 9.991 20
0.796 1.071 9.964 20
0.807 1.056 10.023 20
0.804 1.057 10.035 21
0.791 1.056 9.987 20
0.768 1.083 9.923 20
0.81 1.05 9.976 20
0.82 1.075 9.987 20
0.834 1.047 10.008 20
0.81 1.062 9.997 20
0.804 1.053 9.959 21
0.809 1.034 9.957 20
0.818 1.082 10.014 20
0.823 1.07 10.003 20
0.82 1.119 9.994 20
0.821 1.109 10.002 20
0.793 1.087 9.969 20
0.813 1.062 10.025 21
0.788 1.095 10.025 20
0.797 1.1 9.995 20
0.789 1.103 9.942 20
0.825 1.102 9.916 20
0.819 1.067 10.042 20
0.782 1.1 10.025 20
0.835 1.096 9.967 21
0.798 1.07 10.01 20
0.806 1.064 9.909 20
0.8 1.111 9.975 20
0.765 1.088 10.073 20
0.791 1.102 9.969 20
0.843 1.089 9.913 21
0.796 1.093 9.814 20
0.725 1.103 9.963 20
0.798 1.075 10.058 20
0.772 1.043 10.084 20
0.788 1.037 10.007 20
0.806 1.063 9.922 20
0.794 1.07 9.952 21
0.785 1.119 9.99 20
0.754 1.121 9.971 20
0.758 1.122 9.987 20
0.768 1.106 9.97 20
0.781 1.07 9.953 20
0.759 1.065 10.006 20
0.756 1.046 10.014 21
0.743 1.037 10.009 20
0.771 1.025 9.996 20
0.739 1.118 9.87 20
0.743 1.082 9.971 20
0.71 1.055 10.046 20
0.71 1.074 10.003 20
0.706 1.021 10.108 21
0.763 1.08 9.964 20
0.753 1.047 9.981 20
0.771 1.021 9.921 20
0.725 1.062 9.94 20
0.744 1.026 10.002 20
0.737 1.069 9.984 20
0.695 1.05 10.004 20
0.716 1.042 9.956 21
0.703 1.063 9.96 20
0.737 1.021 10.0 20
0.703 1.03 10.003 20
0.696 1.018 9.987 20
0.688 1.027 9.979 20
0.691 1.064 9.956 20
0.694 1.024 9.981 21
0.677 1.028 10.01 20
0.709 1.007 9.963 20
0.719 1.014 10.01 20
0.721 1.009 9.977 20
0.714 1.021 10.007 20
0.709 1.032 9.972 20
0.704 0.999 9.954 21
0.675 1.005 10.015 20
0.687 1.014 9.965 20
0.706 1.008 10.01 20
0.714 1.019 9.996 20
0.696 0.992 9.957 20
0.716 0.993 9.973 20
0.701 0.986 10.016 21
0.683 1.021 9.997 20
0.689 0.982 10.02 20
0.701 1.015 9.952 20
0.727 1.028 9.976 20
0.691 1.008 10.081 20
0.662 0.976 10.015 20
0.699 0.992 9.964 21
0.69 1.013 10.008 20
0.676 1.011 9.846 20
0.723 1.013 9.998 20
0.688 0.977 10.053 20
0.689 0.956 9.958 20
0.687 1.017 9.96 20
0.728 1.024 9.82 21
0.674 1.019 9.922 20
0.668 0.932 10.069 20
0.67 0.936 10.05 20
0.662 0.976 10.008 20
0.679 0.952 9.967 20
0.7 0.974 10.038 20
0.72 0.99 10.026 21
0.727 1.007 9.97 20
0.683 0.986 9.995 20
0.699 0.956 9.967 20
0.708 0.974 9.956 20
0.723 0.931 10.092 20
0.704 0.949 10.073 20
0.702 1.006 9.822 21
0.697 1.001 9.99 20
0.674 1.014 9.914 20
0.651 0.999 10.032 20
0.67 0.968 10.071 20
0.664 0.975 10.003 20
0.693 0.97 10.028 20
0.677 0.959 9.953 21
0.732 0.983 9.963 20
0.712 0.971 9.995 20
0.729 0.994 9.995 20
0.733 0.983 9.975 20
0.739 1.0 9.922 20
0.731 1.001 9.971 21
0.703 0.977 10.044 20
0.719 0.981 10.014 20
0.741 0.994 9.981 20
0.701 0.976 9.927 20
0.701 0.977 10.008 20
0.688 0.963 10.022 20
0.684 0.987 9.985 21
0.71 1.014 9.967 20
0.715 0.989 9.983 20
0.721 1.02 9.992 20
0.714 1.008 9.995 20
0.745 0.987 9.99 20
0.72 1.009 9.984 20
0.751 0.987 9.963 21
0.729 0.996 9.989 20
0.729 1.005 9.963 20
0.743 0.989 9.998 20
0.721 1.012 10.006 20
0.733 1.012 10.031 20
0.75 1.02 9.989 20
0.727 1.02 9.965 21
0.735 1.007 10.004 20
0.743 0.989 9.951 20
0.751 1.006 9.929 20
0.74 1.001 9.984 20
0.739 1.008 9.998 20
0.743 1.014 9.941 20
0.766 0.98 10.013 20
0.752 0.993 9.907 21
0.782 1.019 9.947 20
0.728 1.032 10.127 20
0.735 1.045 9.97 20
0.781 1.001 9.953 20
0.72 1.049 9.984 20
0.745 0.98 10.031 21
0.735 0.952 10.038 20
0.757 0.976 9.954 20
0.703 0.978 9.944 20
0.775 1.001 9.981 20
0.758 1.022 10.006 20
0.748 1.071 9.964 20
0.759 1.042 10.019 21
0.76 1.034 9.991 20
0.759 1.036 9.994 20
0.751 0.999 9.959 20
0.793 0.959 9.942 20
0.801 0.959 10.061 20
0.813 1.014 10.028 20
0.778 1.036 9.848 21
0.777 1.037 9.908 20
0.727 1.042 10.021 20
0.726 1.037 9.996 20
0.734 1.025 9.987 20
0.762 1.02 10.008 20
0.81 1.028 9.983 20
0.766 1.001 9.97 21
0.801 1.021 9.933 20
0.795 0.974 9.959 20
0.806 1.025 9.963 20
0.791 1.008 9.959 20
0.802 1.017 9.975 20
0.791 1.032 9.96 20
0.827 1.042 10.037 21
0.821 0.987 9.985 20
0.794 1.026 9.962 20
0.819 1.005 9.944 20
0.777 1.026 9.969 20
0.784 1.006 9.972 20
0.787 1.013 9.991 20
0.832 1.006 9.967 21
0.821 1.003 9.997 20
0.843 1.02 10.007 20
0.809 1.037 9.944 20
0.832 1.007 9.976 20
0.815 1.047 9.983 20
0.813 1.057 9.932 20
0.837 1.0 9.97 21
0.813 1.026 10.01 20
0.852 1.036 9.983 20
0.812 1.033 9.995 20
0.835 0.999 9.973 20
0.832 1.034 10.022 20
0.819 1.027 9.938 20
0.814 1.04 9.982 20
0.847 1.026 9.95 21
0.859 1.03 9.987 20
0.841 1.0 9.979 20
0.862 0.996 9.954 20
0.877 1.002 10.048 20
0.821 1.049 9.973 20
0.857 1.038 9.962 21
0.813 1.015 10.102 20
0.834 1.027 9.934 20
0.875 1.014 9.939 20
0.877 1.034 9.821 20
0.8 1.03 9.967 20
0.845 0.989 10.048 20
0.843 0.99 10.07 20
0.807 0.953 10.003 21
0.844 0.987 9.945 20
0.859 1.013 9.981 20
0.854 1.075 10.008 20
0.856 1.051 9.945 20
0.835 1.05 9.973 20
0.847 1.039 9.964 20
0.865 1.014 9.973 21
0.853 0.989 9.965 20
0.879 0.961 10.026 20
0.819 0.964 10.001 20
0.857 1.009 10.031 20
0.829 1.046 9.85 20
0.866 1.069 9.942 20
0.816 1.058 10.003 21
0.828 1.043 10.052 20
0.87 1.053 10.006 20
0.844 0.997 9.982 20
0.851 1.034 9.967 20
0.87 0.981 9.988 21
0.86 1.018 9.942 20
0.846 1.046 9.954 20
0.866 1.055 9.962 20
0.841 1.068 10.007 20
0.864 1.047 9.973 20
0.845 1.005 9.97 20
0.818 1.03 9.96 21
0.815 1.028 9.96 20
0.835 1.013 9.994 20
0.813 0.996 9.997 20
0.815 1.031 10.0 20
0.804 1.001 9.964 20
0.809 1.038 9.958 20
0.823 1.051 9.957 21
0.819 1.052 9.99 20
0.847 1.033 9.917 20
0.827 1.02 10.002 20
0.829 1.059 9.97 20
0.829 1.044 9.969 20
0.79 1.007 9.977 20
0.821 1.046 9.978 21
0.794 1.013 10.006 20
0.779 1.015 9.973 20
0.759 1.04 9.965 20
0.747 1.007 9.963 20
0.787 1.011 9.94 20
0.784 1.009 9.962 20
0.79 1.025 9.942 20
0.766 1.012 10.029 21
0.731 0.962 9.989 20
0.758 0.978 9.957 20
0.769 0.977 9.973 20
0.747 1.012 9.859 20
0.798 1.009 10.01 20
0.691 1.001 10.102 21
0.752 1.012 9.965 20
0.809 0.971 9.962 20
0.751 1.008 9.839 20
0.682 0.978 9.923 20
0.662 0.936 10.048 20
0.702 0.912 10.045 20
0.696 0.913 9.992 20
0.71 0.953 9.981 21
0.691 0.953 9.992 20
0.693 0.984 10.014 20
0.718 0.986 10.009 20
0.694 0.963 10.004 20
0.681 0.971 9.977 20
0.696 0.952 9.952 20
0.672 0.925 9.966 21
0.666 0.896 10.092 20
0.696 0.88 10.029 20
0.702 0.942 9.894 20
0.694 0.943 9.942 20
0.677 0.949 9.964 20
0.669 0.987 9.985 20
0.646 0.921 10.064 21
0.67 0.912 9.991 20
0.651 0.92 10.014 20
0.654 0.892 10.019 20
0.647 0.876 9.948 20
0.677 0.905 9.932 20
0.684 0.915 9.96 20
0.676 0.908 9.957 21
0.659 0.913 9.979 20
0.672 0.927 10.02 20
0.665 0.896 9.997 20
0.657 0.905 9.994 20
0.647 0.875 10.022 20
0.643 0.9 9.998 20
0.615 0.865 10.015 21
0.639 0.873 10.012 20
0.62 0.928 9.957 20
0.628 0.903 10.007 20
0.651 0.89 10.01 20
0.659 0.883 9.992 20
0.659 0.886 9.978 20
0.656 0.882 9.933 21
0.641 0.882 10.008 20
0.649 0.877 10.023 20
0.632 0.901 9.967 20
0.672 0.903 9.996 20
0.689 0.886 9.977 20
0.677 0.869 10.063 20
0.657 0.877 9.941 21
0.672 0.877 9.987 20
0.671 0.865 10.016 20
0.664 0.889 9.932 20
0.664 0.907 9.919 20
0.612 0.915 10.201 20
0.618 0.921 9.931 20
0.663 0.897 10.004 21
0.707 0.925 9.932 20
0.638 0.911 9.91 20
0.631 0.861 10.041 20
0.65 0.823 10.083 20
0.639 0.848 9.957 20
0.626 0.874 10.007 20
0.652 0.893 9.938 21
0.677 0.903 10.016 20
0.674 0.942 10.025 20
0.628 0.915 10.019 20
0.647 0.915 9.951 20
0.643 0.869 10.009 20
0.668 0.881 9.972 20
0.656 0.856 9.969 21
0.631 0.825 10.135 20
0.656 0.834 10.021 20
0.662 0.9 9.858 20
0.641 0.842 10.066 20
0.638 0.907 9.923 20
0.603 0.901 10.089 20
0.629 0.869 10.022 21
0.651 0.864 10.031 20
0.646 0.853 10.035 20
0.64 0.875 9.979 20
0.649 0.865 9.979 20
0.638 0.869 9.952 20
0.665 0.87 9.971 21
0.67 0.852 9.989 20
0.668 0.861 9.975 20
0.662 0.845 10.017 20
0.67 0.87 9.983 20
0.701 0.853 10.01 20
0.662 0.858 9.991 20
0.641 0.877 9.995 21
0.637 0.865 9.976 20
0.646 0.867 9.987 20
0.671 0.85 10.002 20
0.66 0.859 9.965 20
0.654 0.845 9.996 20
0.696 0.871 9.959 20
0.703 0.871 9.984 21
0.703 0.857 10.006 20
0.653 0.88 9.994 20
0.682 0.87 9.927 20
0.684 0.843 10.01 20
0.67 0.868 10.016 20
0.64 0.858 10.019 20
0.735 0.853 9.991 21
0.678 0.856 10.009 20
0.674 0.859 9.883 20
0.668 0.882 10.108 20
0.619 0.845 9.998 20
0.663 0.859 10.006 20
0.704 0.911 9.912 20
0.669 0.897 9.864 21
0.652 0.889 9.97 20
0.678 0.832 10.067 20
0.683 0.856 10.038 20
0.66 0.832 10.047 20
0.722 0.873 9.994 20
0.709 0.878 10.009 20
0.709 0.893 10.009 21
0.696 0.912 9.988 20
0.702 0.89 9.956 20
0.694 0.884 9.975 20
0.702 0.852 9.987 20
0.701 0.857 9.997 20
0.697 0.863 10.017 20
0.681 0.821 10.013 20
0.704 0.856 9.982 21
0.709 0.895 9.859 20
0.72 0.886 9.929 20
0.659 0.895 10.057 20
0.654 0.9 10.041 20
0.689 0.884 10.023 20
0.729 0.871 10.031 21
0.719 0.852 10.028 20
0.713 0.861 9.964 20
0.741 0.876 9.951 20
0.727 0.864 9.965 20
0.72 0.9 9.948 20
0.713 0.883 9.948 20
0.71 0.909 9.992 20
0.708 0.901 9.931 21
0.706 0.896 10.013 20
0.732 0.89 9.977 20
0.722 0.902 9.988 20
0.709 0.878 9.964 20
0.729 0.855 10.0 20
0.741 0.882 10.002 20
0.728 0.903 9.97 21
0.741 0.886 9.975 20
0.733 0.892 9.984 20
0.734 0.887 9.997 20
0.783 0.909 9.979 20
0.753 0.921 9.982 20
0.788 0.883 9.987 21
0.763 0.877 10.025 20
0.772 0.915 9.978 20
0.769 0.913 9.928 20
0.748 0.924 9.994 20
0.751 0.906 9.995 20
0.751 0.938 10.009 20
0.766 0.897 9.992 20
0.79 0.946 9.948 21
0.784 0.922 9.991 20
0.775 0.913 9.962 20
0.796 0.903 9.972 20
0.802 0.892 9.946 20
0.765 0.911 10.02 20
0.75 0.908 9.935 20
0.788 0.958 9.995 21
0.747 0.938 10.084 20
0.777 0.925 10.056 20
0.835 0.936 9.86 20
0.787 0.975 9.859 20
0.722 0.939 10.012 20
0.765 0.881 10.034 20
0.788 0.867 10.058 21
0.795 0.906 9.987 20
0.8 0.905 9.982 20
0.776 0.911 10.014 20
0.781 0.964 9.97 20
0.794 0.943 9.991 20
0.782 0.951 10.001 20
0.795 0.93 10.004 21
0.771 0.903 9.987 20
0.785 0.9 9.988 20
0.798 0.892 9.991 20
0.804 0.903 9.97 20
0.785 0.934 10.01 20
0.789 0.964 9.835 20
0.808 0.988 9.969 21
0.77 0.956 10.007 20
0.775 0.98 10.006 20
0.775 0.9 10.029 20
0.779 0.922 9.979 20
0.807 0.927 9.975 20
0.802 0.94 10.004 20
0.837 0.936 9.914 21
0.835 0.945 9.975 20
0.809 0.949 9.964 20
0.814 0.951 9.953 20
0.833 0.951 9.984 20
0.813 0.936 9.947 20
0.804 0.943 9.935 21
0.815 0.936 9.967 20
0.821 0.955 9.985 20
0.797 0.946 9.988 20
0.807 0.946 9.972 20
0.797 0.968 9.991 20
0.796 0.946 10.002 20
0.832 0.94 9.971 21
0.825 0.937 9.981 20
0.831 0.93 9.954 20
0.821 0.98 9.977 20
0.845 0.953 9.978 20
0.854 0.92 10.013 20
0.835 0.957 9.989 20
0.814 0.955 9.981 21
0.838 0.967 10.004 20
0.813 0.924 9.969 20
0.807 0.933 9.989 20
0.803 0.978 9.988 20
0.863 0.951 9.981 20
0.835 0.956 9.966 20
0.857 0.945 9.988 21
0.827 0.987 9.982 20
0.847 0.957 9.975 20
0.798 0.98 9.984 20
0.827 0.959 9.976 20
0.852 0.953 9.945 20
0.865 0.974 10.023 20
0.839 0.931 9.99 21
0.815 0.938 9.959 20
0.857 0.971 9.992 20
0.804 0.958 9.903 20
0.827 0.994 9.867 20
0.822 0.956 10.145 20
0.803 0.956 9.946 21
0.858 0.967 9.998 20
0.853 0.974 9.763 20
0.808 0.939 9.962 20
0.821 0.933 10.035 20
0.843 0.92 10.047 20
0.826 0.925 9.995 20
0.81 0.944 9.969 20
0.815 0.951 9.981 21
0.835 0.984 10.004 20
0.831 1.024 9.981 20
0.823 0.986 9.94 20
0.818 0.981 9.942 20
0.813 0.963 9.901 20
0.826 0.964 9.941 20
0.831 0.909 10.05 21
0.821 0.911 9.996 20
0.783 0.964 9.909 20
0.813 0.987 9.864 20
0.804 0.987 9.981 20
0.764 1.019 9.998 20
0.768 0.974 10.054 20
0.809 0.953 9.972 21
0.821 0.953 9.963 20
0.803 0.971 9.984 20
0.789 0.939 9.922 20
0.81 0.969 9.914 20
0.807 0.974 9.96 20
0.785 0.989 9.965 20
0.832 0.978 9.931 21
0.821 0.955 9.952 20
0.826 0.959 9.946 20
0.82 0.965 9.96 20
0.809 0.967 9.935 20
0.782 0.963 9.954 20
0.807 0.969 9.991 20
0.809 0.962 9.953 21
0.782 0.952 9.982 20
0.798 0.927 9.987 20
0.778 0.938 9.983 20
0.803 0.946 9.965 20
0.821 0.997 9.931 20
0.838 0.967 9.97 20
0.798 0.953 9.969 21
0.818 0.955 9.992 20
0.802 0.972 9.973 20
0.803 0.951 9.94 20
0.803 0.957 9.945 20
0.816 0.978 9.985 20
0.793 0.956 10.019 20
0.791 0.978 9.976 21
0.804 0.975 9.971 20
0.779 0.961 9.973 20
0.809 0.947 9.985 20
0.772 0.968 9.945 20
0.828 0.971 9.922 20
0.822 0.944 9.942 20
0.823 0.959 9.983 21
0.809 0.962 9.959 20
0.844 0.959 9.958 20
0.829 0.972 9.878 20
0.823 0.97 9.871 20
0.82 0.957 10.171 20
0.787 1.007 9.952 20
0.853 0.949 10.017 21
0.831 0.988 9.797 20
0.758 0.953 9.892 20
0.758 0.93 10.035 20
0.779 0.913 10.029 20
0.739 0.933 9.913 20
0.783 0.988 9.967 20
0.789 1.001 9.966 21
0.785 1.006 9.964 20
0.793 0.988 9.946 20
0.783 0.977 9.954 20
0.784 0.934 9.972 20
0.82 0.913 9.945 20
0.785 0.896 10.034 20
0.798 0.906 10.057 21
0.826 0.905 9.982 20
0.779 0.965 9.852 20
0.801 0.957 9.927 20
0.793 0.965 9.95 20
0.762 0.977 10.076 20
0.762 0.95 9.987 20
0.787 0.942 9.95 21
0.787 0.9 9.998 20
0.789 0.933 9.954 20
0.789 0.932 9.903 20
0.797 0.934 9.947 20
0.801 0.936 9.933 20
0.819 0.945 9.947 21
0.802 0.952 9.981 20
0.82 0.943 9.96 20
0.821 0.93 10.006 20
0.769 0.913 9.953 20
0.797 0.924 9.963 20
0.806 0.937 9.996 20
0.788 0.921 9.956 21
0.77 0.924 9.982 20
0.772 0.938 9.975 20
0.803 0.905 9.964 20
0.801 0.925 9.996 20
0.79 0.902 9.96 20
0.828 0.918 9.973 20
0.8 0.918 9.973 21
0.778 0.931 9.967 20
0.81 0.906 9.944 20
0.807 0.943 10.001 20
0.776 0.927 9.996 20
0.787 0.926 9.978 20
0.79 0.925 9.939 20
0.816 0.919 9.976 21
0.815 0.901 10.026 20
0.785 0.937 9.939 20
0.787 0.918 9.96 20
0.791 0.908 9.898 20
0.809 0.936 9.973 20
0.757 0.907 10.138 20
0.804 0.956 9.96 21
0.857 0.919 9.892 20
0.731 0.963 9.916 20
0.77 0.913 10.117 20
0.793 0.881 10.041 20
0.772 0.848 9.954 20
0.765 0.901 9.934 20
0.794 0.931 9.966 21
0.806 0.969 9.996 20
0.806 0.945 9.956 20
0.771 0.938 9.951 20
0.785 0.933 9.932 20
0.791 0.905 9.966 20
0.797 0.853 9.973 20
0.776 0.85 10.007 21
0.794 0.857 10.029 20
0.794 0.883 10.003 20
0.783 0.937 9.891 20
0.81 0.97 9.95 20
0.778 0.945 10.006 20
0.771 0.943 10.047 20
0.769 0.867 9.998 20
0.815 0.903 9.939 21
0.804 0.895 9.958 20
0.803 0.901 9.959 20
0.828 0.9 9.929 20
0.807 0.907 9.952 20
0.784 0.925 9.966 20
0.782 0.917 9.967 20
0.8 0.889 9.984 21
0.815 0.911 9.971 20
0.84 0.925 9.99 20
0.84 0.902 10.01 20
0.788 0.899 9.995 20
0.79 0.893 9.994 20
0.802 0.92 9.95 21
0.818 0.915 9.975 20
0.827 0.911 9.951 20
0.801 0.915 9.962 20
0.797 0.901 9.984 20
0.827 0.933 9.992 20
0.791 0.927 9.958 20
0.818 0.928 10.001 21
0.796 0.912 10.022 20
0.81 0.92 9.991 20
0.854 0.939 10.007 20
0.835 0.896 9.989 20
0.832 0.913 9.962 20
0.864 0.928 9.966 20
0.795 0.936 9.959 20
0.827 0.924 9.975 21
0.829 0.925 9.998 20
0.829 0.926 9.938 20
0.837 0.955 9.976 20
0.794 0.907 10.119 20
0.85 0.939 10.01 20
0.827 0.959 9.81 20
0.746 0.949 9.985 21
0.768 0.915 10.109 20
0.809 0.886 10.085 20
0.791 0.874 9.994 20
0.791 0.899 9.954 20
0.798 0.953 9.983 20
0.825 0.971 9.985 20
0.791 0.988 10.0 21
0.806 0.992 9.962 20
0.772 0.981 9.997 20
0.777 0.97 9.975 20
0.771 0.917 9.973 20
0.762 0.901 10.02 20
0.758 0.902 10.044 20
0.809 0.927 10.0 21
0.778 0.968 9.94 20
0.772 0.962 9.912 20
0.713 0.957 10.029 20
0.714 0.97 10.041 20
0.726 0.933 10.01 20
0.728 0.918 10.039 20
0.783 0.909 10.021 21
0.757 0.911 10.001 20
0.757 0.903 9.941 20
0.741 0.899 9.956 20
0.752 0.907 9.984 20
0.739 0.914 9.973 20
0.703 0.911 10.013 20
0.733 0.906 9.992 21
0.725 0.915 10.004 20
0.721 0.899 10.009 20
0.706 0.896 10.014 20
0.703 0.918 9.988 20
0.684 0.883 9.977 21
0.703 0.9 10.004 20
0.733 0.901 10.012 20
0.709 0.88 10.0 20
0.702 0.867 9.953 20
0.676 0.901 9.992 20
0.678 0.88 9.973 20
0.697 0.886 9.971 21
0.689 0.897 9.956 20
0.681 0.863 9.947 20
0.674 0.9 9.958 20
0.7 0.857 9.977 20
0.666 0.887 9.971 20
0.643 0.862 9.969 20
0.67 0.842 9.975 20
0.678 0.815 9.984 21
0.674 0.844 10.144 20
0.633 0.87 10.014 20
0.644 0.792 9.962 20
0.699 0.837 9.973 20
0.653 0.905 9.833 20
0.622 0.852 9.935 21
0.658 0.774 10.064 20
0.665 0.74 10.064 20
0.637 0.721 10.017 20
0.666 0.768 9.952 20
0.645 0.769 10.017 20
0.652 0.769 9.99 20
0.659 0.707 10.075 20
0.66 0.663 10.102 21
0.677 0.642 10.111 20
0.678 0.586 10.047 20
0.631 0.631 9.996 20
0.608 0.659 10.146 20
0.646 0.667 9.964 20
0.677 0.767 9.843 20
0.676 0.763 10.009 21
0.678 0.745 9.917 20
0.649 0.749 10.061 20
0.663 0.764 9.925 20
0.732 0.744 10.028 20
0.727 0.733 10.069 20
0.757 0.634 10.014 21
0.734 0.63 10.017 20
0.751 0.64 9.994 20
0.748 0.6 9.965 20
0.706 0.598 9.969 20
0.683 0.587 10.023 20
0.677 0.576 10.071 20
0.679 0.57 10.09 20
0.679 0.544 10.12 21
0.685 0.504 10.183 20
0.708 0.463 10.145 20
0.694 0.423 10.136 20
0.689 0.46 10.025 20
0.716 0.529 9.97 20
0.683 0.539 10.027 20
0.687 0.571 9.988 21
0.72 0.557 10.016 20
0.754 0.545 10.035 20
0.785 0.556 10.066 20
0.802 0.564 10.013 20
0.75 0.549 10.05 20
0.762 0.573 10.007 20
0.784 0.533 10.063 21
0.784 0.552 9.922 20
0.793 0.594 10.089 20
0.783 0.532 10.071 20
0.812 0.468 9.972 20
0.776 0.571 9.939 20
0.707 0.565 9.97 20
0.723 0.536 10.108 21
0.753 0.476 10.139 20
0.747 0.461 10.071 20
0.702 0.5 10.052 20
0.745 0.493 10.094 20
0.763 0.538 9.996 20
0.762 0.582 9.971 20
0.791 0.583 10.0 21
0.793 0.627 10.052 20
0.791 0.577 10.047 20
0.803 0.555 10.071 20
0.802 0.571 10.076 20
0.752 0.555 10.081 20
0.789 0.507 10.092 20
0.765 0.579 9.847 21
0.771 0.62 9.942 20
0.751 0.632 10.051 20
0.778 0.608 10.069 20
0.77 0.554 10.116 20
0.754 0.574 9.983 20
0.794 0.627 10.003 21
0.825 0.613 9.972 20
0.793 0.67 9.987 20
0.804 0.645 9.991 20
0.798 0.618 10.035 20
0.818 0.609 10.026 20
0.834 0.59 10.002 20
0.797 0.639 9.995 20
0.797 0.59 10.016 21
0.815 0.65 10.01 20
0.783 0.667 10.039 20
0.775 0.637 10.069 20
0.79 0.627 10.007 20
0.784 0.611 10.027 20
0.791 0.615 9.994 20
0.781 0.59 10.054 21
0.793 0.589 9.998 20
0.819 0.625 9.969 20
0.779 0.642 10.038 20
0.807 0.618 10.076 20
0.832 0.62 10.009 20
0.816 0.631 10.019 20
0.784 0.637 9.872 21
0.804 0.715 10.132 20
0.745 0.664 9.988 20
0.798 0.658 10.121 20
0.831 0.612 9.945 20
0.722 0.667 9.945 20
0.798 0.648 10.127 21
0.777 0.58 10.127 20
0.789 0.559 10.103 20
0.82 0.608 10.035 20
0.818 0.667 10.033 20
0.794 0.701 10.064 20
0.785 0.689 10.004 20
0.793 0.67 10.017 21
0.781 0.674 10.022 20
0.795 0.648 10.066 20
0.809 0.617 10.039 20
0.829 0.624 10.082 20
0.82 0.604 10.038 20
0.838 0.614 10.001 20
0.808 0.659 9.882 21
0.808 0.682 10.061 20
0.793 0.724 10.059 20
0.773 0.67 10.126 20
0.782 0.648 10.071 20
0.803 0.655 10.11 20
0.807 0.648 10.075 20
0.815 0.656 10.006 21
0.825 0.657 10.038 20
0.796 0.676 10.026 20
0.789 0.643 10.001 20
0.775 0.669 10.026 20
0.825 0.663 10.019 20
0.802 0.657 9.992 20
0.79 0.669 10.047 21
0.818 0.675 10.02 20
0.789 0.669 10.06 20
0.798 0.669 10.045 20
0.781 0.638 10.072 20
0.787 0.67 10.019 20
0.797 0.627 10.064 20
0.81 0.65 10.017 21
0.831 0.645 10.046 20
0.803 0.632 10.086 20
0.784 0.631 10.077 20
0.801 0.634 10.014 20
0.854 0.639 10.039 20
0.802 0.624 9.973 20
0.812 0.651 10.009 21
0.778 0.654 10.221 20
0.832 0.633 10.048 20
0.866 0.638 9.979 20
0.777 0.676 9.916 20
0.703 0.687 9.979 20
0.794 0.661 10.15 20
0.796 0.604 10.083 21
0.788 0.595 10.001 20
0.777 0.661 10.025 20
0.818 0.668 10.066 20
0.8 0.713 9.984 20
0.801 0.719 10.003 20
0.8 0.703 10.051 20
0.773 0.664 10.065 21
0.821 0.651 10.048 20
0.797 0.646 10.076 20
0.781 0.589 10.102 20
0.789 0.608 10.032 20
0.745 0.69 9.9 20
0.733 0.718 10.064 20
0.735 0.688 10.042 21
0.757 0.688 10.033 20
0.754 0.671 10.041 20
0.744 0.633 10.1 20
0.726 0.646 10.056 20
0.723 0.644 10.063 20
0.758 0.642 10.025 20
0.739 0.631 10.015 21
0.714 0.665 10.033 20
0.719 0.645 10.014 20
0.725 0.63 10.039 20
0.738 0.646 10.031 20
0.741 0.663 10.042 20
0.715 0.632 10.11 20
0.726 0.605 10.058 20
0.706 0.626 10.054 21
0.7 0.614 10.054 20
0.684 0.609 10.009 20
0.685 0.618 9.978 20
0.669 0.631 10.089 20
0.677 0.624 10.037 20
0.678 0.606 10.04 20
0.669 0.6 10.029 21
0.651 0.636 10.063 20
0.67 0.617 10.061 20
0.69 0.586 10.003 20
0.689 0.605 10.056 20
0.657 0.595 10.089 20
0.665 0.561 10.052 20
0.657 0.57 10.004 21
0.666 0.571 9.978 20
0.658 0.587 10.095 20
0.604 0.555 10.033 20
0.637 0.55 10.013 20
0.64 0.55 10.052 20
0.644 0.589 9.977 20
0.6 0.573 10.208 21
0.594 0.582 10.034 20
0.614 0.544 10.039 20
0.653 0.573 9.944 20
0.616 0.583 9.94 20
0.552 0.509 10.103 20
0.563 0.492 10.131 20
0.572 0.487 10.091 21
0.578 0.542 10.025 20
0.624 0.546 10.032 20
0.588 0.544 10.065 20
0.571 0.549 10.034 20
0.589 0.54 10.004 20
0.578 0.569 10.033 21
0.583 0.532 10.009 20
0.608 0.531 9.973 20
0.578 0.442 10.173 20
0.612 0.448 10.004 20
0.608 0.581 9.896 20
0.581 0.55 10.054 21
0.588 0.562 9.996 20
0.566 0.575 10.008 20
0.597 0.563 10.139 20
0.588 0.584 10.05 20
0.591 0.508 10.116 20
0.633 0.495 10.048 20
0.572 0.504 10.01 20
0.589 0.537 10.01 21
0.607 0.529 10.015 20
0.608 0.539 9.987 20
0.618 0.549 9.985 20
0.621 0.546 10.045 20
0.581 0.523 10.048 20
0.601 0.512 10.07 21
0.618 0.532 10.079 20
0.589 0.53 9.998 20
0.608 0.511 10.064 20
0.574 0.477 10.07 20
0.602 0.495 10.071 20
0.609 0.546 10.016 20
0.62 0.544 10.026 20
0.614 0.531 10.071 21
0.606 0.538 10.017 20
0.632 0.546 10.012 20
0.651 0.586 10.04 20
0.62 0.548 10.088 20
0.632 0.549 10.042 20
0.632 0.504 10.071 20
0.631 0.519 10.047 21
0.614 0.542 10.035 20
0.645 0.54 10.034 20
0.632 0.557 10.037 20
0.677 0.551 10.051 20
0.597 0.521 10.039 20
0.663 0.53 9.996 21
0.683 0.539 10.088 20
0.658 0.577 9.917 20
0.679 0.626 10.103 20
0.609 0.558 10.184 20
0.659 0.555 10.029 20
0.695 0.548 9.929 20
0.682 0.568 9.94 20
0.591 0.551 10.04 21
0.659 0.495 10.091 20
0.671 0.451 10.167 20
0.639 0.526 10.022 20
0.665 0.554 10.028 20
0.678 0.569 10.065 20
0.684 0.586 10.04 20
0.685 0.568 10.057 21
0.7 0.574 10.022 20
0.674 0.555 10.045 20
0.678 0.557 10.029 20
0.701 0.54 10.025 20
0.704 0.565 10.114 20
0.699 0.524 10.123 21
0.704 0.565 9.998 20
0.703 0.618 9.914 20
0.694 0.618 9.939 20
0.66 0.626 10.113 20
0.662 0.604 10.086 20
0.713 0.55 10.056 20
0.713 0.554 10.089 20
0.726 0.573 10.001 21
0.709 0.557 9.991 20
0.77 0.598 9.984 20
0.718 0.601 10.033 20
0.733 0.586 10.027 20
0.722 0.602 10.039 20
0.734 0.582 10.045 20
0.75 0.601 10.014 21
0.719 0.581 10.06 20
0.751 0.584 10.048 20
0.733 0.565 10.066 20
0.728 0.551 10.048 20
0.727 0.602 10.003 20
0.728 0.605 10.034 20
0.739 0.589 10.029 21
0.746 0.568 10.079 20
0.754 0.579 10.015 20
0.731 0.583 10.048 20
0.752 0.601 10.023 20
0.752 0.577 10.035 20
0.729 0.59 10.039 20
0.746 0.554 10.014 21
0.757 0.595 10.008 20
0.739 0.555 10.042 20
0.727 0.565 9.996 20
0.729 0.584 10.016 20
0.727 0.607 10.063 20
0.763 0.588 10.058 20
0.784 0.58 10.038 21
0.801 0.584 10.025 20
0.775 0.581 10.085 20
0.77 0.568 10.019 20
0.762 0.583 10.014 20
0.752 0.605 10.009 20
0.748 0.612 9.931 20
0.732 0.592 10.219 21
0.734 0.6 9.992 20
0.819 0.552 10.07 20
0.802 0.592 9.822 20
0.69 0.594 10.041 20
0.714 0.601 10.101 20
0.765 0.53 10.147 20
0.752 0.524 10.072 21
0.731 0.548 10.001 20
0.764 0.589 10.022 20
0.781 0.605 10.035 20
0.779 0.614 10.006 20
0.746 0.59 10.052 20
0.757 0.58 10.031 20
0.752 0.571 10.007 20
0.752 0.563 10.012 21
0.788 0.53 10.029 20
0.763 0.537 10.067 20
0.776 0.54 10.081 20
0.725 0.569 9.89 20
0.795 0.614 9.945 20
0.758 0.609 10.065 21
0.726 0.611 10.067 20
0.75 0.561 10.082 20
0.758 0.567 10.039 20
0.781 0.58 10.095 20
0.821 0.568 10.021 20
0.753 0.564 9.97 21
0.771 0.568 10.001 20
0.773 0.586 10.061 20
0.775 0.546 10.025 20
0.75 0.548 9.99 20
0.775 0.536 10.063 20
0.808 0.561 10.035 20
0.773 0.584 10.027 21
0.782 0.588 10.05 20
0.776 0.586 10.034 20
0.787 0.594 9.975 20
0.771 0.586 10.053 20
0.777 0.608 10.033 20
0.766 0.601 10.044 20
0.745 0.608 10.017 21
0.746 0.577 10.002 20
0.744 0.608 10.034 20
0.752 0.599 10.034 20
0.801 0.596 10.013 20
0.757 0.614 10.042 20
0.766 0.615 10.051 20
0.737 0.598 10.027 21
0.766 0.608 10.039 20
0.766 0.586 10.041 20
0.727 0.595 10.07 20
0.726 0.595 10.021 20
0.747 0.613 10.015 20
0.756 0.575 10.047 21
0.737 0.615 9.997 20
0.712 0.589 10.057 20
0.712 0.594 10.054 20
0.732 0.605 9.982 20
0.721 0.584 9.928 20
0.714 0.625 10.177 20
0.664 0.595 10.007 20
0.751 0.619 10.047 21
0.785 0.614 9.913 20
0.664 0.63 9.964 20
0.633 0.584 10.046 20
0.689 0.549 10.085 20
0.696 0.525 10.102 20
0.641 0.54 10.077 20
0.643 0.577 10.004 21
0.675 0.634 9.995 20
0.674 0.634 10.07 20
0.676 0.626 10.014 20
0.64 0.6 10.016 20
0.618 0.605 9.97 20
0.631 0.599 10.007 20
0.651 0.571 9.966 21
0.631 0.532 10.077 20
0.656 0.54 10.072 20
0.663 0.6 9.932 20
0.591 0.57 10.003 20
0.644 0.608 9.953 20
0.588 0.651 10.114 20
0.6 0.575 10.045 21
0.639 0.551 10.044 20
0.59 0.525 10.019 20
0.609 0.559 9.962 20
0.608 0.538 10.002 20
0.596 0.559 9.991 20
0.593 0.556 9.985 20
0.62 0.539 10.04 21
0.602 0.533 10.022 20
0.633 0.543 10.029 20
0.622 0.542 10.047 20
0.599 0.533 10.037 20
0.596 0.52 10.035 20
0.572 0.546 10.057 20
0.575 0.542 10.067 21
0.539 0.529 10.027 20
0.563 0.508 10.004 20
0.591 0.524 10.021 20
0.574 0.544 10.033 20
0.572 0.559 10.048 20
0.572 0.52 10.037 20
0.588 0.544 10.041 20
0.553 0.52 10.021 21
0.539 0.526 10.045 20
0.565 0.521 10.047 20
0.583 0.487 10.029 20
0.575 0.525 10.01 20
0.589 0.512 10.031 20
0.52 0.513 10.044 21
0.577 0.5 9.99 20
0.579 0.526 10.05 20
0.569 0.508 9.95 20
0.545 0.527 9.907 20
0.595 0.507 10.213 20
0.569 0.546 10.002 20
0.563 0.502 10.004 20
0.596 0.514 9.973 21
0.59 0.552 9.87 20
0.545 0.479 10.05 20
0.557 0.456 10.126 20
0.569 0.458 10.116 20
0.522 0.487 10.073 20
0.569 0.532 10.05 20
0.568 0.501 10.095 21
0.566 0.509 10.038 20
0.546 0.529 10.028 20
0.538 0.521 9.992 20
0.546 0.494 9.966 20
0.582 0.475 9.956 20
0.574 0.461 10.05 20
0.537 0.438 10.223 21
0.565 0.499 9.846 20
0.584 0.546 10.01 20
0.558 0.525 9.945 20
0.522 0.513 10.145 20
0.565 0.52 10.015 20
0.57 0.436 10.077 20
0.574 0.435 10.014 21
0.566 0.464 9.995 20
0.594 0.471 9.982 20
0.589 0.492 9.969 20
0.593 0.521 10.025 20
0.584 0.499 9.967 21
0.553 0.507 10.009 20
0.593 0.488 10.032 20
0.572 0.479 10.078 20
0.557 0.451 10.071 20
0.572 0.474 10.028 20
0.585 0.44 9.995 20
0.606 0.486 10.056 21
0.591 0.463 10.05 20
0.554 0.485 10.004 20
0.577 0.506 10.012 20
0.591 0.451 10.053 20
0.553 0.482 10.017 20
0.596 0.44 10.037 20
0.625 0.477 10.012 20
0.608 0.487 10.027 21
0.574 0.507 10.04 20
0.556 0.505 10.035 20
0.595 0.492 10.119 20
0.579 0.462 10.094 20
0.62 0.44 10.013 20
0.616 0.488 10.0 20
0.559 0.483 9.912 21
0.587 0.494 10.277 20
0.545 0.509 10.027 20
0.632 0.509 10.015 20
0.683 0.475 9.967 20
0.582 0.494 9.896 20
0.576 0.515 10.054 20
0.632 0.421 10.167 21
0.614 0.457 10.06 20
0.62 0.469 9.992 20
0.616 0.494 10.007 20
0.602 0.523 10.051 20
0.625 0.534 10.034 20
0.627 0.512 10.051 21
0.641 0.521 10.012 20
0.615 0.481 10.029 20
0.643 0.463 10.002 20
0.614 0.486 10.023 20
0.646 0.452 10.089 20
0.632 0.455 10.123 20
0.639 0.534 9.97 20
0.657 0.542 9.972 21
0.634 0.529 10.132 20
0.656 0.529 10.084 20
0.682 0.474 10.101 20
0.696 0.486 10.094 20
0.677 0.493 10.022 20
0.666 0.526 9.973 20
0.683 0.499 9.988 21
0.66 0.531 9.992 20
0.704 0.521 10.039 20
0.668 0.511 10.045 20
0.696 0.55 10.026 20
0.684 0.543 10.027 20
0.688 0.549 10.051 20
0.708 0.542 10.035 21
0.659 0.548 10.019 20
0.668 0.556 10.022 20
0.701 0.508 10.02 20
0.666 0.517 10.058 20
0.685 0.546 10.033 20
0.687 0.521 10.038 20
0.696 0.521 10.066 21
0.708 0.52 10.037 20
0.701 0.52 9.991 20
0.71 0.562 10.051 20
0.714 0.567 10.031 20
0.709 0.558 10.05 20
0.737 0.514 10.029 20
0.727 0.544 10.01 21
0.727 0.529 10.014 20
0.713 0.542 10.06 20
0.708 0.521 10.003 20
0.738 0.54 10.066 20
0.718 0.562 9.931 20
0.743 0.589 10.102 20
0.665 0.555 10.136 21
0.745 0.565 10.079 20
0.776 0.543 9.927 20
0.7 0.574 9.919 20
0.676 0.556 10.013 20
0.714 0.512 10.132 20
0.735 0.506 10.103 20
0.684 0.52 10.003 21
0.701 0.531 10.039 20
0.737 0.565 10.022 20
0.77 0.562 10.042 20
0.747 0.588 10.057 20
0.745 0.556 9.992 20
0.733 0.556 10.045 20
0.741 0.564 9.996 21
0.733 0.496 10.051 20
0.728 0.469 10.033 20
0.731 0.518 9.979 20
0.743 0.595 9.887 20
0.702 0.593 10.032 20
0.715 0.596 10.065 20
0.733 0.565 10.097 21
0.743 0.521 10.1 20
0.729 0.509 10.051 20
0.737 0.52 10.066 20
0.763 0.539 10.02 20
0.743 0.557 10.001 20
0.746 0.549 9.997 20
0.722 0.559 9.987 21
0.748 0.552 10.045 20
0.76 0.507 10.04 20
0.752 0.52 10.031 20
0.738 0.554 10.028 20
0.74 0.537 10.063 20
0.758 0.519 9.984 20
0.725 0.559 10.01 20
0.719 0.524 9.997 21
0.738 0.537 9.984 20
0.77 0.571 10.028 20
0.772 0.55 10.003 20
0.753 0.546 10.052 20
0.752 0.555 10.026 21
0.789 0.58 10.044 20
0.809 0.53 9.996 20
0.801 0.519 10.044 20
0.785 0.549 10.052 20
0.754 0.533 10.033 20
0.764 0.556 10.017 21
0.8 0.545 10.008 20
0.809 0.525 10.032 20
0.779 0.517 10.023 20
0.764 0.549 10.023 20
0.75 0.518 10.042 20
0.794 0.554 10.003 20
0.806 0.515 9.988 20
0.784 0.556 9.967 21
0.771 0.575 10.183 20
0.796 0.53 10.006 20
0.852 0.504 10.081 20
0.833 0.561 9.86 20
0.748 0.569 9.963 20
0.745 0.534 10.139 20
0.795 0.454 10.128 21
0.768 0.502 10.088 20
0.741 0.485 9.97 20
0.754 0.539 9.99 20
0.808 0.552 9.989 20
0.764 0.569 10.017 20
0.762 0.59 10.039 20
0.769 0.545 9.987 21
0.741 0.508 10.003 20
0.722 0.505 10.064 20
0.706 0.488 10.054 20
0.745 0.495 10.029 20
0.722 0.517 9.939 20
0.744 0.598 9.913 20
0.732 0.57 10.04 21
0.699 0.584 10.071 20
0.709 0.531 10.048 20
0.733 0.53 10.035 20
0.725 0.511 10.025 20
0.729 0.537 10.027 20
0.704 0.525 10.017 20
0.712 0.52 9.979 21
0.728 0.524 10.023 20
0.71 0.53 10.006 20
0.694 0.54 10.032 20
0.676 0.513 10.079 20
0.695 0.552 10.019 20
0.679 0.499 10.046 20
0.638 0.507 10.044 21
0.678 0.508 10.006 20
0.676 0.498 10.035 20
0.659 0.546 10.031 20
0.659 0.519 10.022 20
0.649 0.518 9.981 20
0.656 0.507 10.015 20
0.657 0.487 10.042 21
0.659 0.515 9.998 20
0.638 0.508 10.037 20
0.637 0.489 10.001 20
0.668 0.513 9.967 20
0.643 0.525 10.025 20
0.649 0.5 9.994 20
0.631 0.509 10.027 21
0.649 0.498 10.015 20
0.603 0.486 10.017 20
0.606 0.505 10.007 20
0.614 0.512 9.989 20
0.596 0.486 10.048 20
0.613 0.492 10.02 20
0.627 0.473 10.033 21
0.624 0.456 10.027 20
0.62 0.489 9.862 20
0.615 0.523 10.097 20
0.545 0.521 10.106 20
0.599 0.498 10.021 20
0.616 0.473 10.059 20
0.587 0.5 9.852 20
0.559 0.439 10.104 21
0.558 0.421 10.09 20
0.531 0.454 10.006 20
0.553 0.45 10.023 20
0.564 0.454 10.026 20
0.565 0.493 10.066 20
0.531 0.505 10.012 20
0.528 0.496 10.017 21
0.538 0.499 9.982 20
0.534 0.452 10.022 20
0.535 0.436 9.971 20
0.526 0.402 10.157 20
0.579 0.412 10.028 20
0.547 0.482 9.86 20
0.509 0.496 10.07 21
0.54 0.507 9.971 20
0.503 0.485 10.076 20
0.526 0.47 10.044 20
0.539 0.469 10.009 20
0.525 0.424 10.081 20
0.524 0.395 10.02 21
0.526 0.445 9.979 20
0.521 0.456 9.892 20
0.525 0.473 9.976 20
0.547 0.454 9.966 20
0.553 0.443 10.014 20
0.541 0.451 10.007 20
0.545 0.442 10.025 20
0.537 0.463 10.014 21
0.512 0.477 10.017 20
0.535 0.462 10.021 20
0.518 0.46 9.998 20
0.5 0.423 10.045 20
0.525 0.437 10.06 20
0.514 0.433 10.034 20
0.526 0.413 10.023 21
0.525 0.421 9.979 20
0.558 0.481 9.979 20
0.539 0.461 10.006 20
0.539 0.446 9.981 20
0.494 0.454 9.953 21
0.512 0.452 10.009 20
0.541 0.467 9.996 20
0.533 0.418 10.065 20
0.559 0.457 10.008 20
0.557 0.43 9.996 20
0.551 0.445 10.056 20
0.547 0.462 10.019 21
0.571 0.465 10.027 20
0.545 0.433 10.025 20
0.541 0.458 9.892 20
0.505 0.487 10.095 20
0.541 0.479 9.941 20
0.576 0.464 10.035 20
0.571 0.467 9.879 21
0.547 0.46 9.981 20
0.518 0.407 10.122 20
0.55 0.41 10.054 20
0.524 0.449 10.031 20
0.564 0.433 10.046 20
0.585 0.485 10.065 20
0.566 0.483 10.063 21
0.578 0.501 10.014 20
0.535 0.471 9.976 20
0.568 0.477 9.956 20
0.56 0.451 10.013 20
0.568 0.413 10.0 20
0.551 0.424 10.141 20
0.551 0.401 10.144 21
0.576 0.446 9.883 20
0.538 0.525 10.008 20
0.569 0.49 9.964 20
0.54 0.524 10.063 20
0.565 0.482 10.056 20
0.583 0.462 10.025 20
0.584 0.418 10.075 20
0.596 0.457 10.019 21
0.584 0.443 9.965 20
0.574 0.437 10.022 20
0.582 0.449 9.989 20
0.584 0.461 10.0 20
0.565 0.465 10.021 20
0.612 0.48 10.04 20
0.621 0.475 10.025 21
0.589 0.446 10.046 20
0.615 0.468 10.002 20
0.607 0.452 10.056 20
0.597 0.498 10.058 20
0.591 0.482 10.019 20
0.618 0.467 10.035 20
0.613 0.454 10.098 21
0.622 0.462 10.047 20
0.626 0.45 10.04 20
0.639 0.481 10.025 20
0.639 0.469 9.987 20
0.651 0.486 10.013 20
0.641 0.509 10.032 20
0.677 0.505 10.047 21
0.662 0.455 10.057 20
0.653 0.482 10.056 20
0.653 0.479 10.015 20
0.662 0.493 10.033 20
0.641 0.481 10.072 20
0.675 0.499 9.992 20
0.668 0.504 10.013 21
0.669 0.525 9.859 20
0.672 0.512 10.198 20
0.633 0.55 10.004 20
0.71 0.47 10.091 20
0.746 0.48 9.904 20
0.67 0.496 9.897 20
0.631 0.508 10.042 21
0.708 0.437 10.126 20
0.728 0.418 10.056 20
0.695 0.467 9.982 20
0.685 0.513 9.994 20
0.726 0.532 10.051 20
0.701 0.537 10.034 20
0.701 0.536 10.046 21
0.683 0.512 10.039 20
0.709 0.493 10.029 20
0.694 0.458 9.984 20
0.712 0.482 10.05 20
0.714 0.446 10.089 20
0.719 0.439 10.073 20
0.722 0.504 9.944 21
0.712 0.551 9.877 20
0.721 0.515 10.042 20
0.708 0.584 10.09 20
0.695 0.499 10.1 20
0.729 0.506 10.053 20
0.721 0.489 10.019 20
0.75 0.487 10.052 21
0.744 0.527 9.984 20
0.756 0.504 9.985 20
0.715 0.512 10.012 20
0.743 0.537 10.021 20
0.732 0.556 10.027 20
0.76 0.518 10.031 20
0.722 0.525 10.004 21
0.738 0.496 10.031 20
0.74 0.513 10.026 20
0.729 0.526 10.031 20
0.72 0.532 10.022 20
0.76 0.515 10.002 20
0.753 0.513 10.027 20
0.768 0.505 10.004 21
0.747 0.49 10.052 20
0.756 0.501 10.04 20
0.752 0.53 10.034 20
0.772 0.512 10.021 20
0.772 0.517 10.023 20
0.747 0.5 10.031 20
0.758 0.495 10.042 21
0.764 0.501 10.017 20
0.744 0.504 10.006 20
0.727 0.482 10.019 20
0.757 0.52 10.038 20
0.793 0.526 10.019 20
0.743 0.501 10.04 21
0.727 0.502 10.037 20
0.739 0.512 10.079 20
0.745 0.458 10.0 20
0.74 0.48 10.058 20
0.772 0.488 9.92 20
0.776 0.538 10.06 20
0.712 0.482 10.1 21
0.762 0.477 10.082 20
0.793 0.502 9.89 20
0.727 0.529 9.951 20
0.678 0.493 10.082 20
0.726 0.462 10.14 20
0.766 0.431 10.1 20
0.746 0.439 10.035 21
0.723 0.427 10.027 20
0.741 0.496 10.046 20
0.783 0.523 10.041 20
0.759 0.515 9.996 20
0.748 0.507 9.992 20
0.748 0.513 10.033 20
0.757 0.47 9.998 21
0.743 0.461 10.033 20
0.754 0.468 10.057 20
0.727 0.435 10.06 20
0.732 0.446 10.04 20
0.733 0.507 9.898 20
0.731 0.526 10.015 20
0.702 0.515 10.058 21
0.718 0.514 10.101 20
0.702 0.477 10.046 20
0.731 0.469 10.065 20
0.725 0.474 10.064 20
0.743 0.488 10.027 20
0.746 0.481 9.977 20
0.735 0.461 10.033 21
0.699 0.505 9.989 20
0.72 0.479 10.02 20
0.71 0.492 10.008 20
0.694 0.465 10.038 20
0.715 0.461 10.052 20
0.683 0.476 10.051 20
0.687 0.48 10.025 21
0.677 0.479 10.015 20
0.696 0.45 10.032 20
0.707 0.485 10.028 20
0.72 0.481 10.045 20
0.687 0.48 10.037 20
0.662 0.477 10.041 20
0.7 0.464 10.021 21
0.701 0.483 10.032 20
0.716 0.469 10.054 20
0.695 0.495 10.056 20
0.707 0.47 10.026 20
0.679 0.494 10.06 20
0.689 0.474 10.026 20
0.644 0.469 10.031 21
0.679 0.45 10.022 20
0.644 0.476 10.065 20
0.677 0.469 10.048 20
0.677 0.483 10.06 20
0.653 0.477 10.063 20
0.62 0.46 10.04 20
0.684 0.445 10.021 20
0.656 0.44 10.052 21
0.639 0.464 9.947 20
0.635 0.492 10.201 20
0.577 0.502 10.002 20
0.677 0.47 10.139 20
0.699 0.479 9.951 20
0.59 0.47 9.957 21
0.563 0.469 10.059 20
0.597 0.421 10.106 20
0.632 0.407 10.127 20
0.574 0.382 10.067 20
0.596 0.45 9.962 20
0.62 0.487 10.048 20
0.596 0.505 10.082 21
0.608 0.517 10.065 20
0.587 0.473 10.057 20
0.576 0.47 10.039 20
0.594 0.423 9.995 20
0.577 0.399 10.06 20
0.59 0.401 10.129 20
0.619 0.377 10.078 21
0.579 0.438 9.921 20
0.552 0.464 10.027 20
0.547 0.47 9.92 20
0.509 0.47 10.106 20
0.522 0.493 10.128 20
0.543 0.414 10.091 20
0.556 0.404 10.095 21
0.528 0.379 10.091 20
0.565 0.431 10.014 20
0.543 0.446 9.967 20
0.553 0.444 9.987 20
0.539 0.431 10.021 20
0.557 0.405 10.07 20
0.545 0.404 10.051 21
0.535 0.408 10.072 20
0.556 0.407 10.052 20
0.547 0.425 10.04 20
0.513 0.408 10.081 20
0.529 0.411 10.034 20
0.526 0.398 10.038 20
0.543 0.421 10.051 20
0.519 0.402 10.032 21
0.514 0.438 10.042 20
0.526 0.408 10.016 20
0.526 0.417 10.039 20
0.515 0.418 10.053 20
0.506 0.411 10.067 20
0.539 0.418 10.063 20
0.502 0.38 10.04 21
0.522 0.386 9.996 20
0.528 0.382 10.051 20
0.524 0.417 10.048 20
0.494 0.401 10.02 20
0.527 0.365 10.027 20
0.508 0.382 10.013 21
0.526 0.401 9.89 20
0.541 0.418 10.217 20
0.499 0.401 10.057 20
0.535 0.398 10.053 20
0.527 0.357 10.104 20
0.524 0.44 9.828 21
0.503 0.398 10.071 20
0.52 0.362 10.138 20
0.489 0.367 10.065 20
0.491 0.364 10.033 20
0.502 0.381 10.047 20
0.568 0.433 10.059 20
0.558 0.413 10.047 20
0.538 0.446 10.002 21
0.493 0.406 10.069 20
0.535 0.4 10.015 20
0.556 0.393 9.998 20
0.545 0.358 9.995 20
0.501 0.339 10.157 20
0.543 0.337 10.082 20
0.532 0.399 9.941 21
0.539 0.421 10.053 20
0.506 0.432 10.046 20
0.502 0.423 10.097 20
0.564 0.396 10.063 20
0.547 0.37 10.072 20
0.529 0.354 10.028 20
0.524 0.379 10.017 21
0.54 0.407 10.006 20
0.56 0.379 10.019 20
0.554 0.412 10.029 20
0.57 0.396 10.052 20
0.535 0.398 10.079 20
0.562 0.398 10.065 20
0.563 0.406 10.048 21
0.578 0.343 10.082 20
0.543 0.374 10.032 20
0.564 0.423 10.022 20
0.575 0.421 10.009 20
0.59 0.425 10.038 20
0.559 0.437 10.069 20
0.574 0.402 10.048 21
0.595 0.406 10.095 20
0.581 0.413 10.083 20
0.604 0.369 10.039 20
0.594 0.408 10.003 20
0.599 0.402 10.048 20
0.585 0.404 10.032 20
0.596 0.38 10.065 21
0.624 0.381 10.075 20
0.601 0.382 10.031 20
0.603 0.4 10.103 20
0.595 0.396 10.078 20
0.599 0.41 10.052 20
0.644 0.393 10.06 20
0.627 0.398 9.937 21
0.615 0.475 10.064 20
0.588 0.46 10.238 20
0.638 0.419 10.061 20
0.716 0.405 9.933 20
0.643 0.44 9.919 20
0.566 0.437 10.044 20
0.603 0.376 10.188 21
0.666 0.374 10.129 20
0.635 0.386 10.045 20
0.618 0.4 10.059 20
0.646 0.418 10.038 20
0.656 0.442 10.057 20
0.657 0.482 10.046 20
0.666 0.48 10.059 21
0.669 0.454 10.05 20
0.662 0.4 9.997 20
0.678 0.418 10.103 20
0.664 0.369 10.106 20
0.706 0.41 9.99 20
0.659 0.454 9.896 20
0.695 0.488 9.985 21
0.653 0.487 10.094 20
0.621 0.48 10.135 20
0.659 0.431 10.066 20
0.663 0.435 10.037 20
0.665 0.444 10.058 20
0.703 0.492 10.012 20
0.699 0.482 10.003 20
0.703 0.462 10.023 21
0.691 0.448 10.01 20
0.721 0.458 10.044 20
0.694 0.49 10.066 20
0.71 0.439 10.023 20
0.722 0.448 10.054 20
0.697 0.469 10.069 21
0.709 0.437 10.054 20
0.688 0.433 10.052 20
0.678 0.482 10.006 20
0.641 0.47 10.042 20
0.702 0.465 10.019 20
0.699 0.446 10.05 21
0.716 0.454 10.053 20
0.703 0.483 10.027 20
0.702 0.457 10.042 20
0.712 0.444 10.056 20
0.713 0.432 10.066 20
0.716 0.464 10.033 20
0.709 0.456 10.023 20
0.708 0.474 10.031 21
0.706 0.467 10.016 20
0.684 0.452 10.027 20
0.716 0.444 10.065 20
0.71 0.449 10.017 20
0.741 0.452 9.997 20
0.688 0.458 10.092 20
0.718 0.482 10.05 20
0.729 0.433 10.021 21
0.701 0.442 9.954 20
0.701 0.471 10.0 20
0.674 0.486 10.22 20
0.718 0.455 10.041 20
0.766 0.429 10.006 20
0.773 0.48 9.927 20
0.654 0.47 10.013 21
0.723 0.405 10.176 20
0.722 0.393 10.094 20
0.669 0.413 10.028 20
0.716 0.445 10.046 20
0.741 0.473 10.096 21
0.703 0.47 10.033 20
0.706 0.5 10.039 20
0.691 0.455 10.025 20
0.712 0.474 10.015 20
0.744 0.412 10.05 20
0.743 0.379 10.073 20
0.733 0.392 10.103 21
0.746 0.406 10.046 20
0.695 0.486 9.938 20
0.707 0.494 9.971 20
0.697 0.518 10.083 20
0.688 0.474 10.125 20
0.707 0.429 10.058 20
0.732 0.415 10.045 21
0.738 0.442 10.047 20
0.745 0.444 10.064 20
0.722 0.476 9.996 20
0.72 0.469 10.031 20
0.751 0.452 10.064 20
0.734 0.458 10.041 20
0.744 0.448 10.07 21
0.739 0.42 10.039 20
0.729 0.451 10.035 20
0.728 0.446 10.047 20
0.732 0.451 10.031 20
0.71 0.448 10.057 20
0.715 0.451 10.051 20
0.714 0.468 10.027 21
0.716 0.443 10.016 20
0.733 0.446 10.017 20
0.714 0.47 10.042 20
0.733 0.455 10.051 20
0.75 0.47 10.078 20
0.75 0.46 10.034 20
0.748 0.415 10.048 21
0.759 0.43 10.019 20
0.758 0.451 10.061 20
0.737 0.436 10.044 20
0.754 0.442 10.04 20
0.722 0.455 10.042 20
0.74 0.452 10.051 20
0.766 0.446 10.027 20
0.738 0.443 10.016 21
0.708 0.424 10.086 20
0.748 0.457 10.045 20
0.725 0.444 10.008 20
0.722 0.452 9.964 20
0.707 0.476 10.25 20
0.732 0.468 10.023 21
0.793 0.429 10.09 20
0.759 0.483 9.921 20
0.671 0.485 9.992 20
0.681 0.429 10.109 20
0.713 0.413 10.138 20
0.71 0.389 10.085 20
0.665 0.414 10.066 21
0.689 0.463 10.021 20
0.725 0.476 10.072 20
0.723 0.501 10.097 20
0.685 0.455 10.063 20
0.652 0.458 10.028 20
0.653 0.432 10.057 20
0.695 0.438 10.027 21
0.67 0.413 10.071 20
0.635 0.373 10.164 20
0.67 0.394 10.069 20
0.682 0.455 9.921 20
0.665 0.492 9.96 20
0.656 0.512 10.059 20
0.599 0.48 10.115 20
0.652 0.462 10.086 21
0.635 0.43 10.052 20
0.66 0.427 10.092 20
0.651 0.4 10.058 20
0.653 0.429 10.039 20
0.641 0.442 10.001 20
0.633 0.436 10.05 20
0.641 0.444 10.016 21
0.606 0.432 10.053 20
0.616 0.45 10.048 20
0.601 0.45 10.047 20
0.629 0.411 10.072 20
0.616 0.417 10.063 20
0.613 0.394 10.012 20
0.563 0.406 10.016 21
0.588 0.425 10.046 20
0.574 0.393 10.061 20
0.632 0.414 10.003 20
0.582 0.42 10.027 20
0.612 0.418 10.047 20
0.589 0.425 10.066 20
0.602 0.398 10.039 21
0.621 0.439 10.048 20
0.593 0.41 10.067 20
0.587 0.419 10.008 20
0.57 0.419 10.04 20
0.554 0.407 10.046 20
0.596 0.37 10.05 20
0.585 0.41 10.015 21
0.575 0.412 10.122 20
0.57 0.395 10.034 20
0.575 0.406 10.084 20
0.579 0.39 10.052 20
0.553 0.396 9.938 20
0.608 0.43 10.107 20
0.572 0.468 10.133 21
0.6 0.421 10.012 20
0.607 0.394 10.063 20
0.575 0.427 9.851 20
0.527 0.419 10.008 20
0.59 0.373 10.128 20
0.597 0.363 10.082 20
0.551 0.364 10.083 21
0.583 0.368 10.021 20
0.562 0.456 10.044 20
0.594 0.412 10.041 20
0.589 0.443 10.056 20
0.568 0.457 10.001 21
0.593 0.419 10.027 20
0.604 0.429 10.039 20
0.619 0.373 10.022 20
0.591 0.385 10.255 20
0.601 0.344 10.046 20
0.627 0.418 9.917 20
0.593 0.43 10.116 21
0.608 0.446 10.002 20
0.606 0.446 10.097 20
0.604 0.464 10.066 20
0.629 0.473 10.041 20
0.593 0.395 10.14 20
0.61 0.419 10.042 20
0.603 0.389 10.066 21
0.609 0.407 10.027 20
0.596 0.437 10.012 20
0.61 0.43 10.037 20
0.618 0.413 10.084 20
0.633 0.456 10.026 20
0.656 0.438 10.077 20
0.656 0.467 10.072 21
0.651 0.406 10.086 20
0.664 0.415 10.056 20
0.641 0.449 10.023 20
0.657 0.45 10.048 20
0.671 0.426 10.014 20
0.657 0.407 10.059 20
0.69 0.452 10.047 21
0.639 0.437 10.01 20
0.685 0.449 10.052 20
0.687 0.465 10.014 20
0.669 0.444 10.044 20
0.687 0.46 10.072 20
0.697 0.489 10.017 20
0.69 0.426 10.022 20
0.695 0.443 10.065 21
0.683 0.438 10.101 20
0.688 0.471 10.025 20
0.722 0.439 10.022 20
0.719 0.448 9.938 20
0.713 0.468 10.091 20
0.618 0.463 10.185 21
0.704 0.462 10.06 20
0.787 0.433 9.95 20
0.687 0.46 9.92 20
0.626 0.476 10.033 20
0.653 0.429 10.201 20
0.716 0.371 10.115 20
0.682 0.381 10.081 21
0.697 0.418 10.019 20
0.701 0.465 10.065 20
0.728 0.498 10.1 20
0.703 0.492 10.083 20
0.713 0.48 10.054 20
0.684 0.458 10.029 20
0.716 0.439 10.046 20
0.713 0.42 10.07 21
0.737 0.408 10.092 20
0.718 0.374 10.115 20
0.71 0.42 9.991 20
0.719 0.499 9.937 20
0.671 0.464 9.987 20
0.707 0.492 10.102 20
0.688 0.488 10.088 21
0.693 0.438 10.047 20
0.718 0.444 10.057 20
0.733 0.457 10.057 20
0.727 0.458 10.041 20
0.72 0.456 10.0 20
0.684 0.494 10.014 21
0.695 0.47 10.029 20
0.712 0.465 10.065 20
0.701 0.456 10.039 20
0.739 0.47 10.083 20
0.706 0.474 10.065 20
0.72 0.445 10.019 20
0.7 0.46 10.06 21
0.704 0.465 10.059 20
0.693 0.452 10.063 20
0.735 0.449 10.083 20
0.722 0.461 10.016 20
0.741 0.458 10.009 20
0.737 0.427 10.054 20
0.725 0.48 10.052 20
0.751 0.436 10.061 21
0.722 0.479 10.033 20
0.727 0.457 10.021 20
0.716 0.462 10.04 20
0.733 0.451 10.07 20
0.703 0.448 10.059 20
0.734 0.486 10.04 20
0.739 0.452 10.04 21
0.741 0.436 10.065 20
0.721 0.449 10.067 20
0.731 0.476 10.051 20
0.735 0.432 10.067 20
0.738 0.456 9.94 20
0.771 0.477 9.998 20
0.712 0.498 10.233 21
0.795 0.508 10.041 20
0.843 0.444 9.965 20
0.771 0.506 9.903 20
0.67 0.451 10.026 20
0.731 0.424 10.128 20
0.753 0.376 10.116 20
0.721 0.395 10.053 21
0.734 0.413 9.992 20
0.741 0.457 10.022 20
0.758 0.448 10.058 20
0.762 0.495 10.058 20
0.768 0.485 10.042 20
0.729 0.425 10.051 20
0.77 0.437 10.056 21
0.752 0.418 10.025 20
0.76 0.421 10.096 20
0.768 0.401 10.119 20
0.772 0.396 10.017 20
0.71 0.464 9.99 20
0.728 0.518 10.073 20
0.745 0.476 10.102 21
0.721 0.469 10.072 20
0.739 0.46 10.05 20
0.74 0.449 10.085 20
0.743 0.455 10.094 20
0.748 0.454 10.01 20
0.757 0.469 10.014 21
0.744 0.456 10.05 20
0.797 0.452 10.083 20
0.756 0.446 10.077 20
0.778 0.473 10.05 20
0.744 0.464 10.01 20
0.723 0.47 10.02 20
0.722 0.47 10.051 20
0.734 0.443 10.013 21
0.733 0.464 10.078 20
0.72 0.463 10.023 20
0.729 0.482 10.039 20
0.739 0.462 10.029 20
0.715 0.411 10.056 20
0.733 0.442 10.106 20
0.718 0.442 10.045 21
0.734 0.445 10.075 20
0.712 0.454 10.067 20
0.693 0.471 10.023 20
0.688 0.445 10.07 20
0.684 0.432 10.078 20
0.694 0.454 10.071 20
0.709 0.468 10.058 21
0.707 0.444 10.031 20
0.67 0.444 10.072 20
0.659 0.435 10.045 20
0.666 0.431 10.042 20
0.658 0.398 10.046 20
0.658 0.443 9.962 20
0.676 0.462 10.081 21
0.616 0.448 10.158 20
0.687 0.471 10.022 20
0.708 0.442 10.045 20
0.624 0.456 9.932 20
0.563 0.406 10.014 20
0.595 0.38 10.175 20
0.622 0.338 10.194 21
0.61 0.355 10.045 20
0.625 0.436 10.044 20
0.635 0.437 10.052 20
0.61 0.445 10.072 20
0.606 0.427 10.057 20
0.576 0.396 10.061 20
0.61 0.38 10.015 21
0.596 0.373 10.065 20
0.599 0.355 10.184 20
0.584 0.332 10.125 20
0.585 0.389 9.91 20
0.543 0.443 10.063 20
0.526 0.435 9.977 20
0.51 0.438 10.075 21
0.521 0.398 10.09 20
0.569 0.363 10.064 20
0.532 0.36 10.096 20
0.533 0.364 10.089 20
0.565 0.381 10.032 20
0.547 0.37 10.021 20
0.547 0.381 10.032 21
0.558 0.393 10.057 20
0.557 0.379 10.1 20
0.544 0.379 10.045 20
0.541 0.352 10.05 20
0.551 0.361 10.09 20
0.524 0.354 10.056 20
0.513 0.358 10.061 21
0.52 0.392 10.012 20
0.518 0.352 10.076 20
0.531 0.346 10.077 20
0.52 0.338 10.069 20
0.519 0.34 10.086 20
0.524 0.363 10.072 20
0.513 0.369 10.092 21
0.527 0.374 10.071 20
0.494 0.376 10.065 20
0.482 0.373 10.113 20
0.526 0.34 10.115 20
0.503 0.294 10.089 20
0.521 0.317 10.103 20
0.522 0.32 10.09 21
0.481 0.381 10.007 20
0.516 0.339 10.035 20
0.54 0.345 9.97 20
0.525 0.34 9.898 20
0.529 0.352 10.213 20
0.48 0.37 10.029 20
0.494 0.342 10.059 21
0.52 0.325 10.076 20
0.51 0.383 9.878 20
0.482 0.325 10.075 20
0.5 0.251 10.088 20
0.503 0.313 10.083 20
0.503 0.332 10.078 20
0.506 0.356 10.057 21
0.52 0.361 10.082 20
0.508 0.382 10.041 20
0.493 0.356 10.057 20
0.513 0.317 10.026 20
0.514 0.296 10.059 20
0.513 0.28 10.026 20
0.518 0.251 10.213 21
0.526 0.286 10.056 20
0.527 0.368 9.934 20
0.51 0.34 10.084 20
0.509 0.333 9.991 20
0.488 0.357 10.064 20
0.507 0.356 10.067 20
0.516 0.333 10.077 21
0.545 0.267 10.101 20
0.522 0.293 10.05 20
0.534 0.31 10.008 20
0.526 0.354 9.996 20
0.55 0.349 10.054 20
0.545 0.357 10.045 20
0.539 0.352 10.046 20
0.565 0.365 10.054 21
0.562 0.317 10.083 20
0.581 0.307 10.102 20
0.576 0.326 10.075 20
0.551 0.317 10.037 20
0.537 0.337 10.038 20
0.553 0.327 10.081 20
0.559 0.329 10.07 21
0.585 0.336 10.026 20
0.595 0.343 10.098 20
0.563 0.365 10.038 20
0.584 0.357 10.076 20
0.57 0.345 10.026 20
0.583 0.339 10.022 20
0.595 0.314 10.04 21
0.601 0.323 10.076 20
0.594 0.35 10.042 20
0.628 0.343 10.072 20
0.625 0.343 10.059 20
0.591 0.35 10.039 20
0.612 0.363 10.007 20
0.644 0.35 10.031 21
0.612 0.375 9.926 20
0.603 0.386 10.07 20
0.685 0.344 10.121 20
0.683 0.373 9.95 20
0.562 0.407 9.952 20
0.577 0.388 10.111 20
0.638 0.343 10.144 21
0.646 0.32 10.116 20
0.613 0.337 10.059 20
0.616 0.401 10.066 20
0.669 0.4 10.076 20
0.668 0.433 10.056 20
0.668 0.427 10.06 20
0.666 0.415 10.037 21
0.653 0.388 10.007 20
0.624 0.367 10.021 20
0.654 0.338 10.067 20
0.66 0.332 10.079 20
0.662 0.351 10.076 21
0.693 0.382 9.903 20
0.61 0.448 9.975 20
0.672 0.414 10.058 20
0.66 0.438 10.135 20
0.654 0.398 10.073 20
0.644 0.394 10.059 20
0.687 0.363 10.094 21
0.677 0.383 10.032 20
0.66 0.381 10.015 20
0.656 0.411 10.02 20
0.66 0.413 10.019 20
0.675 0.385 10.059 20
0.681 0.386 10.02 20
0.697 0.377 10.059 21
0.668 0.385 10.06 20
0.659 0.39 10.045 20
0.688 0.383 10.069 20
0.659 0.411 10.101 20
0.663 0.376 10.065 20
0.669 0.405 10.045 20
0.665 0.417 10.041 21
0.674 0.412 10.009 20
0.685 0.393 10.037 20
0.688 0.419 10.053 20
0.713 0.376 10.034 20
0.689 0.407 10.058 20
0.703 0.386 10.042 20
0.72 0.399 10.019 21
0.706 0.412 10.04 20
0.681 0.421 10.098 20
0.703 0.385 10.066 20
0.718 0.383 10.038 20
0.696 0.419 10.06 20
0.681 0.392 10.048 20
0.721 0.38 10.059 21
0.684 0.401 10.02 20
0.713 0.406 9.921 20
0.675 0.438 10.217 20
0.656 0.39 10.034 20
0.756 0.404 10.114 20
0.739 0.432 9.85 20
0.649 0.402 9.983 21
0.669 0.413 10.132 20
0.716 0.344 10.135 20
0.712 0.296 10.07 20
0.656 0.332 10.042 20
0.679 0.38 10.05 20
0.685 0.413 10.037 20
0.708 0.414 10.022 21
0.716 0.425 10.015 20
0.679 0.431 10.021 20
0.708 0.396 10.04 20
0.715 0.356 10.048 20
0.683 0.323 10.076 20
0.67 0.332 10.083 20
0.745 0.375 10.046 21
0.669 0.426 9.954 20
0.704 0.426 9.976 20
0.679 0.421 10.094 20
0.712 0.42 10.109 20
0.681 0.395 10.064 20
0.685 0.4 10.072 20
0.653 0.388 10.084 20
0.699 0.386 10.073 21
0.699 0.385 10.028 20
0.684 0.386 10.048 20
0.681 0.406 10.015 20
0.687 0.399 10.037 20
0.708 0.394 10.053 20
0.702 0.387 10.065 21
0.697 0.407 10.063 20
0.701 0.407 10.07 20
0.708 0.41 10.061 20
0.678 0.413 10.067 20
0.688 0.4 10.028 20
0.675 0.4 10.009 20
0.678 0.386 10.06 21
0.689 0.407 10.056 20
0.684 0.364 9.988 20
0.678 0.375 10.052 20
0.681 0.426 10.023 20
0.714 0.393 10.029 20
0.676 0.408 10.031 21
0.687 0.39 10.035 20
0.676 0.405 10.064 20
0.668 0.398 10.044 20
0.695 0.387 10.06 20
0.691 0.382 10.069 20
0.701 0.415 10.056 20
0.691 0.387 10.045 21
0.697 0.36 10.045 20
0.703 0.377 10.101 20
0.683 0.39 10.048 20
0.675 0.395 10.045 20
0.7 0.379 9.959 20
0.685 0.393 9.951 20
0.684 0.439 10.263 21
0.682 0.45 10.015 20
0.806 0.368 10.063 20
0.737 0.395 9.907 20
0.621 0.411 9.947 20
0.649 0.373 10.138 20
0.723 0.345 10.141 20
0.72 0.336 10.079 21
0.677 0.33 10.027 20
0.67 0.361 10.026 20
0.702 0.427 10.047 20
0.706 0.461 10.053 20
0.722 0.426 10.009 20
0.729 0.406 10.009 20
0.69 0.365 10.06 21
0.716 0.34 10.034 20
0.691 0.321 10.092 20
0.697 0.346 10.092 20
0.744 0.376 10.02 20
0.677 0.408 9.988 20
0.676 0.442 9.966 20
0.694 0.444 10.063 21
0.682 0.419 10.127 20
0.681 0.35 10.076 20
0.696 0.355 10.058 20
0.683 0.364 10.054 20
0.693 0.38 10.027 20
0.723 0.405 10.009 20
0.752 0.419 9.964 20
0.725 0.444 9.96 21
0.716 0.429 10.032 20
0.727 0.406 9.99 20
0.733 0.352 9.998 20
0.745 0.392 10.007 20
0.652 0.377 10.115 20
0.65 0.379 10.101 21
0.643 0.345 10.097 20
0.633 0.424 10.123 20
0.483 0.396 10.122 20
0.388 0.299 10.121 20
0.297 0.218 10.102 20
0.244 0.119 10.084 20
0.202 0.019 10.081 20
0.18 0.014 9.977 21
0.178 0.086 10.029 20
0.27 0.146 10.072 20
0.307 0.241 10.078 20
0.368 0.277 10.091 20
0.402 0.323 10.058 20
0.419 0.354 10.02 20
0.394 0.294 10.067 21
0.396 0.294 10.046 20
0.384 0.273 10.063 20
0.355 0.25 9.975 20
0.34 0.308 9.898 20
0.376 0.371 9.947 20
0.339 0.406 10.194 20
0.382 0.45 10.004 21
0.377 0.468 10.214 20
0.46 0.49 9.915 20
0.371 0.48 10.104 20
0.28 0.437 10.157 20
0.264 0.499 10.107 20
0.377 0.612 10.075 20
0.507 0.737 10.198 21
0.489 1.036 10.047 20
0.236 0.683 9.947 20
0.322 0.613 9.959 20
0.182 0.501 9.877 20
0.213 0.415 9.875 20
0.335 0.379 9.959 21
0.335 0.396 10.061 20
0.731 0.002 7.484 20
0.07 0.25 11.56 20
-0.173 0.661 10.43 20
-0.27 0.362 10.461 20
-0.002 0.127 9.556 20
0.54 -0.219 9.901 20
-0.381 0.181 10.549 21
-1.017 0.989 9.878 20
-0.405 1.065 9.963 20
-0.055 0.94 10.048 20
-0.047 0.374 10.272 20
-0.088 0.005 9.809 20
-0.429 -0.857 10.533 20
0.164 -0.509 11.168 21
0.941 0.934 10.014 20
1.084 0.68 10.653 20
0.391 0.833 11.491 20
-0.325 0.984 11.722 20
0.322 1.112 11.715 20
0.261 1.017 12.309 20
0.42 1.649 12.25 21
1.116 1.453 11.972 20
1.081 1.628 11.805 20
2.279 2.635 16.34 20
1.111 3.371 12.808 20
-0.36 3.598 9.67 20
0.145 3.756 8.786 20
1.691 3.383 9.113 21
2.519 3.893 9.365 20
2.691 4.312 9.383 20
3.175 4.698 8.932 20
3.08 5.233 8.268 20
2.385 5.116 7.056 21
1.702 5.613 5.159 20
3.135 5.896 5.182 20
3.76 6.484 4.53 20
4.152 6.585 4.059 20
3.868 6.906 3.536 20
3.454 7.599 3.186 20
3.142 8.224 2.611 20
3.246 8.005 2.541 21
2.652 7.878 2.547 20
3.297 8.283 1.891 20
3.536 8.045 2.043 20
3.278 8.742 2.012 20
2.211 9.451 2.182 20
3.086 9.768 2.472 20
3.47 8.621 2.76 21
2.535 8.968 1.083 20
3.738 8.736 1.402 20
3.534 9.04 -0.243 20
2.162 8.765 0.369 20
2.527 9.09 0.453 20
3.492 8.579 0.151 20
3.681 8.18 -0.544 21
2.71 8.587 -1.479 20
2.697 9.347 -0.574 20
2.899 9.284 0.407 20
3.106 9.172 1.503 20
3.009 9.149 1.439 20
2.01 10.489 1.112 20
0.39 10.965 -0.322 21
1.636 10.37 -0.653 20
2.46 9.222 -0.367 20
2.19 9.563 -0.118 20
1.939 9.757 -0.2 20
1.39 9.329 -1.697 20
1.946 8.856 -1.995 20
1.868 9.381 -0.697 21
1.916 10.176 0.307 20
1.902 10.135 0.266 20
2.037 9.679 -0.09 20
1.696 9.799 -0.798 20
1.829 9.597 -0.648 20
1.733 9.475 -0.752 20
1.916 9.48 -0.83 21
2.021 9.598 -0.284 20
2.06 10.14 0.44 20
2.704 10.589 -0.085 20
2.609 10.376 -0.181 20
2.103 9.31 -0.762 20
2.085 9.229 -1.533 20
2.184 9.069 -1.951 21
1.839 9.47 -1.328 20
3.315 9.757 -0.666 20
2.374 11.37 1.376 20
2.312 10.476 -0.367 20
1.639 9.966 -1.04 20
0.572 9.479 -0.472 21
0.801 9.118 -1.238 20
1.067 9.545 -1.161 20
0.777 8.828 -1.523 20
0.096 8.319 -3.022 20
0.046 8.64 -1.964 20
1.307 9.212 -1.662 20
0.626 9.98 -0.372 20
1.277 9.745 -1.129 21
0.971 9.781 -1.179 20
1.163 9.8 -1.447 20
1.251 9.85 -1.982 20
1.514 9.65 -1.445 20
1.67 9.712 -0.817 20
1.724 9.624 -1.173 20
1.348 9.56 -1.353 21
1.402 9.298 -1.624 20
1.395 9.676 -1.767 20
1.591 9.733 -1.663 20
1.483 9.622 -1.35 20
1.353 9.699 -1.145 20
1.2 9.83 -1.155 20
1.492 9.487 -1.614 21
1.666 9.454 -1.617 20
1.458 9.657 -1.656 20
1.478 9.413 -1.153 20
1.683 9.508 -1.417 20
1.835 9.163 -1.726 20
1.669 9.36 -1.294 20
1.61 9.475 -0.921 21
1.488 9.841 -1.262 20
1.596 9.971 -1.094 20
1.595 9.712 -1.225 20
1.716 9.607 -1.367 20
1.909 9.38 -1.652 20
1.857 9.438 -1.643 20
1.885 9.425 -1.835 21
1.73 9.317 -1.718 20
1.59 9.699 -1.705 20
1.56 9.58 -1.889 20
1.678 9.412 -2.069 20
1.689 9.481 -1.819 20
1.732 9.466 -1.811 20
1.682 9.582 -1.651 20
1.623 9.667 -1.62 21
1.669 9.583 -1.61 20
1.652 9.626 -1.845 20
1.683 9.483 -1.913 20
1.705 9.506 -1.854 20
1.679 9.592 -2.025 20
1.588 9.581 -1.917 20
1.178 10.083 -2.036 21
1.451 9.995 -1.193 20
1.429 10.074 -1.335 20
1.496 9.724 -1.679 20
1.802 9.309 -1.998 20
2.124 9.037 -2.042 20
2.235 9.118 -1.852 21
2.185 9.198 -1.518 20
2.28 9.276 -1.368 20
2.101 9.461 -1.468 20
1.867 9.732 -1.418 20
1.69 9.795 -1.274 20
1.611 9.912 -1.226 21
1.904 9.658 -0.611 20
2.148 9.455 -0.636 20
2.181 9.46 -0.741 20
1.796 9.83 -1.087 20
1.842 9.832 -0.957 20
1.999 9.629 -1.312 20
2.124 9.357 -1.069 21
2.046 9.607 -1.655 20
2.145 9.494 -1.229 20
2.218 9.372 -1.524 20
2.264 9.337 -1.216 20
2.231 9.544 -1.275 20
2.224 9.612 -1.148 20
2.267 9.5 -1.079 20
2.487 9.404 -1.111 21
2.586 9.338 -1.228 20
2.544 9.337 -1.335 20
2.634 9.337 -1.09 20
2.85 8.998 -1.06 20
2.99 8.798 -1.173 20
2.905 9.055 -1.345 20
2.866 9.128 -1.193 21
2.703 9.255 -1.372 20
2.623 9.301 -1.395 20
2.492 9.623 -1.825 20
2.454 9.523 -1.385 20
2.553 9.395 -1.757 20
2.516 9.395 -1.797 21
2.64 9.448 -1.522 20
2.685 9.386 -1.326 20
2.484 9.508 -1.698 20
2.14 9.513 -1.72 20
2.315 9.606 -1.629 20
2.554 9.406 -1.372 20
2.504 9.381 -1.357 21
2.474 9.419 -1.363 20
2.384 9.487 -1.416 20
2.302 9.432 -1.582 20
2.328 9.417 -1.742 20
2.37 9.497 -1.606 20
2.384 9.483 -1.449 20
2.442 9.47 -1.448 21
2.49 9.464 -1.362 20
2.486 9.505 -1.435 20
2.536 9.32 -1.469 20
2.54 9.24 -1.495 20
2.452 9.409 -1.37 20
2.349 9.632 -1.173 20
2.379 9.503 -1.266 20
2.465 9.26 -1.548 21
2.459 9.399 -1.726 20
2.383 9.541 -1.613 20
2.414 9.605 -1.489 20
2.384 9.493 -1.547 20
2.341 9.513 -1.626 20
2.454 9.406 -1.532 20
2.453 9.293 -1.523 21
2.455 9.291 -1.606 20
2.467 9.379 -1.612 20
2.48 9.486 -1.209 20
2.461 9.511 -1.292 20
2.417 9.469 -1.442 20
2.4 9.349 -1.544 20
2.424 9.411 -1.353 21
2.47 9.376 -1.27 20
2.453 9.473 -1.336 20
2.496 9.362 -1.337 20
2.378 9.455 -1.418 20
2.353 9.56 -1.413 20
2.452 9.476 -1.548 20
2.512 9.376 -1.351 21
2.544 9.31 -1.483 20
2.429 9.416 -1.963 20
2.324 9.491 -2.027 20
2.395 9.597 -1.516 20
2.311 9.549 -1.067 20
2.472 9.443 -0.842 20
2.393 9.462 -1.176 21
2.446 9.372 -1.491 20
# end
#Mon Sep 28 22:22:48 GMT+03:00 2015
